#catcowhorse
#cathorse
#babooncatchimpcowgibbonhorsehumanmacaquemarmosetmouseorangrat
#babooncatchimpcowgibbonhorsehumanmacaquemarmosetorang
#macaque
#cat
#horse
#cow
#baboonchimpgibbonhumanmacaquemarmosetorang
#baboonchimpgibbonhumanmacaqueorang
#chimpgibbonhumanorang
#chimphumanorang
#chimphuman
#chimp
#human
#orang
#gibbon
#baboonmacaque
#baboon
#marmoset
#mouserat
#rat
#mouse
31	32	27	32	36	37	41	25	29	31	30	30	30	30	29	30	35	35	36	24	28	19	25	1
22	21	25	20	40	19	15	15	37	34	34	35	36	35	37	35	34	41	42	37	30	29	36	1
62	64	68	64	50	77	51	78	64	58	56	57	60	59	57	50	56	52	56	73	80	75	81	1
46	46	45	43	44	49	46	32	42	48	52	53	51	52	52	52	54	44	46	47	41	37	48	1
18	20	19	17	21	21	22	24	16	19	19	20	21	23	21	18	23	22	24	17	18	19	16	1
51	51	48	53	60	45	44	46	54	53	50	52	49	47	49	54	58	59	58	58	44	41	40	1
82	79	84	86	83	85	67	91	76	79	74	77	72	72	70	74	78	82	87	78	93	82	84	1
24	22	29	29	29	17	21	29	30	32	29	28	38	37	40	25	38	27	25	19	40	41	35	1
6	7	8	6	8	10	6	6	6	6	6	5	5	5	5	8	6	8	8	3	10	13	14	1
67	72	55	62	63	78	85	89	65	65	62	64	68	65	69	61	63	62	61	62	47	39	49	1
75	75	79	73	58	95	69	76	78	72	72	72	77	77	76	76	71	59	60	85	70	73	70	1
52	53	54	54	53	45	55	38	52	54	55	56	55	53	56	57	57	52	50	61	59	61	55	1
48	47	54	54	45	56	51	37	45	44	44	44	45	44	46	42	42	41	36	50	49	44	48	1
17	18	9	14	19	20	12	19	13	14	16	17	19	18	20	17	15	17	18	13	9	7	7	1
28	28	23	28	22	34	28	24	23	24	25	24	24	24	25	25	23	22	20	19	20	18	26	1
71	73	60	69	64	82	73	66	66	68	69	68	65	62	62	69	67	65	62	65	77	78	72	1
17	17	14	15	17	12	23	18	15	13	13	13	14	14	13	12	14	14	14	19	8	7	3	1
73	72	64	69	52	60	83	79	55	54	60	61	59	59	61	56	55	53	54	60	52	42	42	1
96	97	92	91	94	95	84	98	93	93	94	93	91	94	91	89	95	93	94	87	99	87	88	1
58	58	54	63	68	51	66	53	60	65	64	65	66	62	64	68	65	69	67	54	56	48	59	1
93	91	84	90	81	88	85	91	82	80	80	78	78	72	77	77	78	83	84	83	99	99	99	1
33	34	33	35	29	19	34	40	37	38	38	38	37	38	38	39	35	32	33	32	35	37	36	1
17	16	39	24	19	13	18	22	19	18	19	20	21	20	23	18	17	18	18	24	31	30	33	1
14	15	11	14	26	22	12	21	14	17	17	17	19	20	20	17	18	24	23	18	12	13	14	1
34	33	28	31	36	34	32	27	36	40	43	44	43	44	43	45	43	36	33	39	28	32	28	1
34	34	41	34	39	23	40	32	36	36	34	34	33	33	29	36	34	39	39	36	67	56	57	1
44	43	41	43	45	37	45	56	47	47	47	48	52	56	55	50	45	47	47	57	40	46	50	1
46	48	53	47	58	54	59	40	52	59	58	58	58	58	59	55	58	57	60	47	55	62	47	1
41	42	47	45	38	43	45	43	34	34	34	33	29	28	25	37	35	36	39	29	45	45	50	1
30	28	23	24	36	24	35	27	31	33	33	32	35	33	37	33	35	38	37	26	17	18	14	1
72	76	85	76	72	55	66	60	75	77	82	80	81	77	80	80	81	74	77	76	74	61	73	1
77	76	67	73	72	99	58	77	65	67	69	68	72	73	71	62	72	71	72	74	61	65	57	1
1	1	1	2	0	0	0	0	1	0	0	0	0	0	0	0	0	0	0	1	0	0	0	1
98	99	97	97	88	90	91	99	98	86	91	90	87	87	86	88	93	88	86	99	91	85	97	1
52	47	54	50	49	55	55	54	46	48	48	49	47	46	44	49	52	49	51	56	60	57	57	1
8	6	18	12	13	6	4	10	15	15	15	14	13	13	14	11	12	13	13	11	29	34	25	1
96	98	93	92	94	71	99	99	99	99	94	96	99	95	97	93	98	92	90	91	99	99	88	1
99	98	86	99	99	99	96	97	99	96	97	95	90	89	87	97	91	99	97	99	86	82	99	1
70	66	72	77	77	66	63	62	76	71	69	69	61	62	58	69	63	75	76	86	85	73	72	1
87	91	93	93	96	77	88	89	96	99	99	99	99	99	99	95	99	97	93	99	89	94	99	1
59	60	48	54	60	63	60	62	54	55	56	53	55	56	53	49	53	58	59	48	52	49	44	1
74	74	72	81	99	68	65	68	85	94	91	91	94	98	91	89	92	96	94	88	75	82	82	1
87	88	99	99	77	91	96	95	93	85	89	87	84	83	84	86	91	78	81	95	82	89	87	1
52	51	56	54	63	46	53	39	64	63	67	68	68	68	67	65	64	64	61	68	55	55	49	1
15	14	14	18	18	10	4	21	15	17	18	18	17	15	19	19	15	19	23	15	16	16	19	1
67	66	56	64	54	58	75	57	68	66	65	65	65	66	66	65	65	55	53	71	54	49	56	1
3	3	4	3	1	2	2	0	1	1	1	2	2	2	2	2	1	1	1	1	1	1	0	1
32	30	25	26	20	37	24	38	23	22	22	22	23	26	25	19	17	18	20	16	23	19	20	1
81	77	73	79	83	76	74	80	81	86	87	85	88	89	84	93	87	84	88	92	58	66	66	1
49	52	48	43	35	41	60	66	43	34	32	31	32	31	33	26	34	33	32	44	52	63	54	1
37	33	36	38	28	53	30	48	30	28	30	29	27	28	27	23	31	32	34	26	39	33	47	1
29	28	23	25	21	28	22	35	21	18	18	19	19	19	20	22	17	22	21	18	20	25	21	1
1	1	1	1	0	0	1	1	0	0	0	0	0	0	0	0	0	0	0	0	0	0	0	1
38	36	50	46	49	34	30	36	51	46	40	39	40	40	40	37	38	46	48	47	47	51	46	1
56	60	66	57	51	71	63	50	51	49	49	49	48	48	50	49	56	50	55	56	62	62	59	1
99	99	99	99	92	99	99	84	99	96	97	93	96	96	99	92	99	90	88	99	68	74	67	1
62	59	58	58	63	50	66	76	59	57	55	54	49	47	50	55	52	59	61	63	64	60	66	1
15	16	23	19	12	21	14	13	24	21	23	23	26	29	26	24	26	18	17	22	12	10	7	1
8	8	7	8	4	8	6	7	6	6	5	5	5	6	5	8	4	5	4	6	2	1	1	1
73	71	56	61	66	78	61	74	68	67	68	68	72	71	68	64	71	65	67	74	53	56	46	1
82	81	76	73	75	81	63	98	74	68	63	62	59	58	56	60	68	74	74	71	77	83	75	1
43	44	40	43	40	43	41	44	50	44	45	44	38	35	39	39	52	42	39	52	35	33	38	1
91	92	94	95	99	83	99	61	99	99	98	98	93	90	97	97	99	99	98	99	95	94	99	1
89	83	90	91	76	90	81	93	73	77	76	76	71	66	73	79	68	77	77	59	87	88	99	1
91	93	86	95	91	90	97	97	99	92	91	91	91	91	89	98	84	89	89	99	97	97	99	1
26	25	25	26	24	34	37	21	24	24	22	21	22	23	22	21	22	24	28	18	13	12	11	1
39	39	29	39	38	43	59	38	39	39	36	35	31	30	28	29	36	38	39	40	26	26	23	1
37	38	40	44	42	34	27	44	41	41	38	37	45	46	42	44	36	42	41	44	40	42	44	1
12	11	15	15	16	7	13	15	14	12	14	14	13	14	13	13	14	15	15	12	19	18	17	1
20	22	16	19	30	19	11	21	23	24	23	23	24	24	24	23	21	29	28	20	26	33	30	1
56	58	61	56	72	44	50	42	64	65	64	65	63	62	66	63	69	68	66	56	66	71	68	1
64	64	84	76	86	73	57	73	83	78	79	76	77	76	74	80	79	86	89	84	93	84	92	1
27	26	43	35	33	16	22	24	39	33	36	38	34	34	35	36	35	33	36	40	31	29	33	1
20	20	12	17	8	18	22	15	12	14	15	15	16	17	15	13	13	9	8	16	7	8	8	1
30	29	24	23	31	36	40	34	32	31	31	32	30	28	29	35	29	30	33	34	23	27	29	1
43	46	50	51	54	50	39	50	59	63	63	62	65	66	63	65	62	57	59	74	44	52	40	1
41	42	51	45	41	49	33	37	41	46	44	46	51	49	51	43	51	45	45	44	61	53	69	1
29	34	28	29	17	38	31	44	20	18	17	16	16	17	14	16	15	17	17	17	26	27	30	1
71	70	68	70	67	73	53	54	69	64	69	67	68	72	70	78	75	69	66	60	73	61	65	1
61	61	70	64	52	65	66	66	54	52	52	53	57	59	56	59	56	55	57	62	77	82	81	1
38	38	34	37	44	56	44	42	40	44	46	48	45	44	45	51	37	46	46	39	24	23	26	1
13	13	19	14	19	9	8	12	19	21	19	19	19	20	19	18	19	20	19	16	15	15	17	1
43	43	50	42	41	38	35	52	40	40	41	41	43	41	44	45	41	40	41	35	43	42	48	1
99	96	96	97	93	99	86	93	99	99	94	91	90	90	89	91	93	99	93	92	99	90	99	1
99	98	93	99	99	98	94	99	99	99	98	97	99	99	93	99	99	99	99	77	73	73	70	1
4	3	3	3	2	3	6	2	2	1	1	1	1	1	1	1	0	1	1	3	4	1	5	1
89	91	79	82	86	87	99	97	80	78	74	80	78	75	78	76	73	88	88	72	55	46	61	1
22	21	30	25	34	16	23	13	32	34	36	36	37	37	40	36	35	33	33	31	14	15	20	1
70	74	87	79	79	72	76	55	77	79	83	84	87	84	89	84	79	81	77	72	99	99	92	1
72	73	88	83	57	58	72	99	69	63	68	67	64	67	65	70	76	58	60	74	78	96	78	1
84	82	84	89	95	99	74	82	98	99	99	96	99	97	96	95	95	95	92	98	89	78	82	1
35	34	43	42	34	40	42	24	31	35	35	36	33	34	34	35	33	35	37	33	33	27	38	1
87	83	89	89	87	66	84	89	95	97	99	97	99	95	99	98	93	87	89	99	89	89	90	1
70	67	61	67	59	48	70	79	58	61	62	63	59	60	60	64	60	60	57	59	86	79	87	1
1	1	1	1	1	0	0	1	1	1	2	2	2	2	2	3	3	1	1	0	2	1	3	1
73	72	72	71	94	78	79	88	76	85	85	84	82	79	81	82	85	90	90	68	62	64	62	1
49	44	55	48	50	50	35	41	49	48	44	41	38	37	39	44	42	48	50	54	44	52	36	1
29	31	30	30	29	29	42	18	31	32	32	33	31	31	31	31	34	28	29	26	37	32	44	1
89	88	85	89	80	88	82	79	93	88	86	84	85	82	85	85	81	83	85	99	78	73	76	1
56	56	66	67	59	51	64	59	56	44	44	45	45	49	44	48	41	53	53	49	69	70	73	1
57	59	60	54	61	56	58	63	57	60	57	56	58	59	58	57	55	61	64	55	44	50	47	1
84	85	86	95	91	96	83	96	94	83	83	84	86	85	82	81	79	86	85	99	92	99	92	1
50	47	56	52	50	55	40	50	62	56	54	55	52	55	53	56	57	50	49	67	52	56	58	1
19	19	15	15	10	19	16	19	12	11	9	9	9	8	9	10	9	9	10	17	26	29	27	1
81	82	79	80	82	70	97	79	79	81	79	76	77	80	77	81	78	85	84	74	86	87	87	1
32	33	35	35	32	30	23	36	32	35	34	35	35	38	40	34	33	35	36	32	38	38	31	1
72	75	64	65	60	80	70	59	62	68	69	71	67	67	65	67	65	69	69	61	61	59	59	1
16	17	12	14	11	21	16	15	13	16	16	18	19	19	19	16	16	13	12	18	7	7	5	1
21	22	23	20	23	19	16	15	22	22	22	22	21	21	20	23	25	23	23	23	21	23	19	1
80	79	85	85	96	80	74	74	89	95	95	99	99	97	97	99	93	99	99	87	82	80	84	1
57	56	69	59	50	59	61	72	45	45	43	43	44	44	42	49	47	48	47	48	65	66	78	1
50	53	54	43	44	46	64	45	45	43	47	48	49	47	48	47	44	42	42	56	53	41	44	1
56	58	50	49	54	53	53	58	52	57	57	58	61	61	64	60	60	57	58	48	55	63	57	1
12	10	21	15	14	14	10	5	13	13	11	11	11	13	10	12	11	14	13	12	20	20	18	1
86	89	96	89	99	83	99	73	99	99	99	96	99	99	99	96	99	96	99	87	93	99	85	1
17	19	22	18	13	23	19	15	15	12	12	12	12	12	13	12	13	14	14	18	18	15	21	1
0	0	1	1	0	0	0	0	0	0	0	0	0	0	0	0	0	0	0	0	0	0	0	1
71	71	70	73	85	88	79	66	66	78	74	77	71	68	72	67	71	82	82	57	59	64	53	1
16	16	10	17	18	22	16	15	13	12	11	12	12	12	13	12	14	18	16	18	9	7	9	1
4	4	4	4	6	3	1	4	4	5	5	5	4	4	4	5	5	5	5	3	4	4	2	1
22	21	32	23	35	20	20	15	33	34	35	35	32	30	33	32	36	33	32	38	58	58	54	1
7	8	8	9	5	8	14	5	5	5	5	5	5	5	5	4	5	5	5	1	12	12	15	1
90	87	83	97	90	99	83	69	99	99	97	97	90	87	99	99	95	91	93	92	68	65	74	1
26	25	35	32	47	16	24	24	40	47	45	47	44	43	45	47	44	48	49	32	32	36	25	1
37	35	44	41	40	38	46	34	47	45	42	40	39	39	37	42	46	39	36	56	52	50	54	1
54	52	54	50	67	54	51	49	65	62	61	60	60	60	55	59	65	66	61	75	81	81	70	1
40	38	37	41	37	37	37	28	37	41	42	42	43	46	41	39	40	37	37	36	47	40	46	1
65	64	59	55	66	80	90	57	68	68	66	67	71	70	69	66	66	68	66	56	75	66	69	1
67	66	81	69	58	66	80	77	66	58	57	58	52	53	53	49	61	58	55	61	79	80	77	1
2	2	4	6	4	0	1	5	2	2	2	2	2	2	2	2	2	4	4	2	4	3	3	1
38	39	42	43	45	30	33	23	44	47	47	47	49	48	49	52	44	47	46	45	50	57	44	1
29	27	34	32	28	35	35	33	31	28	32	30	29	30	27	30	34	29	28	25	20	20	20	1
21	19	13	19	39	14	13	23	30	38	40	39	37	40	36	36	42	40	41	33	13	12	17	1
63	63	79	67	71	58	60	67	63	69	67	66	67	66	67	68	74	69	71	69	99	99	83	1
49	50	59	50	62	47	42	48	62	63	62	56	58	61	57	53	63	65	67	80	65	55	65	1
57	62	71	70	63	54	69	64	61	61	64	63	69	69	70	59	74	62	61	62	72	66	81	1
17	17	13	15	17	21	17	17	15	16	14	12	12	10	11	12	16	15	15	16	20	17	18	1
37	39	51	41	40	45	38	36	38	40	39	37	37	39	39	31	39	39	39	37	44	45	46	1
2	1	2	2	2	1	0	2	2	2	3	3	3	3	3	4	3	2	2	2	0	0	0	1
16	19	28	22	42	22	19	15	42	38	34	34	34	32	33	35	36	40	41	39	23	24	24	1
2	2	2	1	0	3	2	0	2	0	0	0	0	0	0	0	0	0	0	1	0	0	0	1
99	98	82	90	98	99	99	99	99	95	93	90	86	87	88	91	94	97	95	99	85	92	79	1
70	73	72	66	48	86	84	63	57	46	48	51	55	53	56	52	51	46	43	58	90	94	88	1
73	68	76	76	92	56	68	75	81	78	81	84	80	82	82	93	89	86	88	92	92	99	93	1
69	66	65	65	61	61	76	73	59	59	54	55	57	54	59	53	55	60	60	59	72	66	68	1
30	29	31	34	36	32	39	24	35	39	40	38	39	41	39	38	40	40	40	34	38	39	35	1
28	30	36	30	36	34	33	25	30	34	35	34	31	33	33	44	30	34	35	31	36	37	25	1
7	7	16	10	9	2	7	3	14	12	11	14	14	13	15	12	11	11	10	14	9	4	8	1
52	56	68	59	56	77	66	53	59	58	58	58	58	56	58	53	56	57	58	58	73	79	67	1
49	49	47	52	66	57	47	69	65	64	63	60	60	59	56	59	69	64	64	56	43	46	46	1
40	38	54	53	57	42	40	41	50	49	51	50	51	50	47	46	49	57	58	37	41	31	32	1
99	99	94	94	86	94	97	99	99	93	92	90	86	86	89	93	85	89	92	97	99	90	98	1
22	22	16	23	19	22	14	21	24	21	21	20	17	15	17	20	23	19	18	22	20	21	16	1
89	88	85	85	91	93	90	99	86	89	87	87	83	85	79	83	82	92	93	93	80	84	75	1
51	51	46	51	47	49	53	57	44	42	46	47	53	52	52	48	43	48	48	43	45	40	45	1
82	80	81	84	82	99	99	63	79	82	80	78	75	77	76	82	80	86	86	79	62	67	71	1
99	99	92	95	94	99	97	93	93	94	98	96	99	95	95	99	92	93	92	94	99	91	90	1
60	63	56	58	78	68	52	58	64	70	68	68	71	69	70	66	68	75	74	75	67	65	55	1
16	16	13	16	10	15	23	32	13	10	9	10	11	9	11	12	9	9	10	15	15	20	12	1
76	82	63	77	77	95	89	92	83	78	84	84	86	85	92	85	83	75	75	75	63	64	67	1
33	31	42	40	48	25	37	40	48	51	57	59	56	60	57	64	62	51	53	38	49	45	38	1
4	4	5	4	4	1	2	3	4	5	4	3	3	3	3	3	3	4	3	7	5	2	6	1
70	68	63	62	53	69	76	62	58	52	50	51	53	53	55	56	56	52	49	58	64	61	68	1
81	83	89	82	71	86	83	89	72	72	72	73	73	74	71	71	77	72	69	67	71	73	62	1
43	43	55	42	31	48	47	31	39	33	35	35	35	35	33	41	34	31	32	47	82	81	73	1
66	67	74	69	69	69	65	77	73	66	71	72	73	73	73	71	72	69	68	69	90	99	89	1
73	75	68	77	82	72	61	77	74	74	77	78	81	80	79	76	74	83	81	77	49	53	42	1
61	64	66	64	69	74	67	53	70	71	72	73	76	75	72	78	66	70	73	62	59	55	57	1
1	1	1	1	9	3	1	0	3	3	2	2	2	1	2	2	2	7	8	3	2	1	2	1
70	68	68	72	71	57	62	64	69	69	70	73	68	63	71	76	62	73	71	63	50	45	49	1
9	9	9	9	8	8	7	5	7	7	8	9	7	8	6	8	7	7	8	6	14	19	12	1
27	25	19	21	37	35	19	23	41	39	40	40	42	40	45	36	38	36	33	34	24	16	20	1
68	69	83	72	71	81	60	50	78	72	70	70	66	65	65	67	72	71	70	86	78	78	83	1
8	9	7	7	4	6	12	3	2	3	3	3	2	2	3	3	4	4	4	1	6	6	6	1
69	74	71	75	68	68	74	78	78	70	71	69	72	72	71	71	72	68	70	77	75	77	74	1
78	76	68	78	84	71	80	75	86	81	89	89	87	92	89	94	93	80	79	87	75	84	85	1
33	32	35	34	37	44	27	37	35	38	36	36	35	35	37	43	38	39	40	30	34	37	44	1
95	94	99	95	97	86	99	99	99	99	99	99	96	93	95	98	99	99	95	99	99	98	96	1
24	20	26	26	26	23	11	18	21	23	21	21	20	20	21	18	21	25	25	18	12	13	12	1
65	65	67	65	49	68	66	52	58	50	50	51	50	50	50	49	51	52	53	53	61	58	79	1
37	38	35	33	28	33	34	51	29	33	33	33	32	30	31	38	31	33	34	26	30	25	33	1
56	56	52	53	77	59	56	59	66	70	71	70	71	70	71	77	70	74	78	65	45	37	49	1
20	19	26	22	19	15	30	20	22	19	18	17	19	20	20	16	17	20	23	14	35	34	36	1
79	78	67	75	96	83	84	90	91	95	96	94	89	92	88	87	94	99	99	99	51	47	55	1
28	28	28	27	16	31	29	27	28	20	16	16	17	17	16	16	15	17	18	25	26	28	28	1
49	49	38	37	41	52	50	50	41	45	44	43	43	44	45	38	40	44	42	47	47	48	34	1
92	88	90	87	81	93	92	88	73	71	65	65	64	64	62	70	61	79	78	66	79	71	65	1
57	57	65	60	58	52	55	53	52	60	59	59	61	61	59	58	63	57	59	58	49	48	39	1
99	91	90	99	97	97	68	87	99	93	90	88	87	88	87	92	80	95	94	90	92	99	88	1
4	4	9	4	10	5	4	3	6	10	10	10	10	10	10	10	11	10	11	6	5	5	2	1
84	85	69	84	97	93	99	93	80	83	79	78	77	79	74	86	75	92	93	85	70	63	65	1
69	70	73	65	40	82	73	61	49	45	43	40	41	43	42	40	45	41	43	49	79	80	82	1
23	23	19	21	14	25	21	21	17	17	17	17	17	16	16	13	17	15	16	15	24	25	17	1
45	43	50	47	48	45	33	49	44	45	44	41	40	43	41	43	42	49	52	39	55	49	53	1
70	71	64	68	79	81	67	81	71	80	84	88	86	82	87	86	87	87	83	82	60	48	61	1
17	17	22	18	12	16	13	18	14	13	9	10	13	13	14	9	9	12	12	13	23	22	30	1
50	53	45	54	42	66	49	58	50	48	47	47	48	50	51	51	47	43	43	68	38	31	41	1
76	73	74	75	73	85	93	75	74	73	72	72	73	72	72	80	68	74	74	64	99	97	79	1
85	82	69	77	69	68	79	72	72	72	75	77	73	78	75	71	74	69	72	74	57	52	68	1
29	29	36	30	28	28	40	31	29	28	29	28	27	28	27	29	32	29	30	30	31	33	29	1
4	4	6	5	14	6	1	2	10	9	8	7	7	7	7	7	8	12	10	8	4	6	4	1
99	97	98	99	93	85	95	99	97	91	89	90	88	91	89	89	84	92	91	99	91	80	83	1
99	95	89	99	91	99	96	94	89	87	93	91	87	85	85	91	88	90	89	89	64	61	55	1
94	95	98	95	93	77	99	87	91	97	96	95	94	94	91	99	99	94	97	90	95	84	99	1
67	67	59	71	83	71	71	86	75	86	80	77	77	78	74	74	89	86	85	80	58	71	67	1
84	82	80	78	72	88	87	89	68	72	72	70	64	67	66	72	77	71	75	69	66	68	69	1
58	56	60	57	76	55	30	71	71	80	83	82	85	81	82	82	86	77	75	68	56	48	49	1
50	50	50	40	45	55	62	41	47	47	49	48	45	49	46	44	53	48	49	64	64	68	55	1
54	53	55	54	49	59	57	59	45	48	51	50	52	52	55	52	52	51	50	58	51	48	53	1
74	73	79	78	85	74	87	68	77	79	78	81	78	80	79	85	77	84	82	63	75	79	87	1
34	35	44	36	49	32	37	37	39	51	50	48	46	47	47	44	55	47	46	33	59	48	65	1
71	72	66	71	81	69	78	77	78	77	78	80	82	81	80	79	72	82	82	98	68	59	71	1
55	58	61	65	58	58	54	79	64	63	66	65	68	68	69	66	63	62	65	59	68	64	67	1
13	12	18	14	12	12	15	10	9	11	14	15	17	18	17	14	16	12	12	5	17	14	18	1
52	48	63	53	64	38	44	47	61	62	64	68	72	66	72	70	62	63	62	59	63	55	67	1
85	85	68	74	95	82	89	86	86	91	88	91	89	87	85	91	88	98	96	96	50	45	48	1
91	96	85	91	87	93	99	86	99	99	94	95	99	99	96	95	89	88	87	99	88	89	74	1
25	27	36	31	28	23	23	31	28	28	27	26	30	29	30	28	27	27	27	23	37	33	34	1
8	8	13	9	4	7	9	6	5	4	4	4	4	4	4	4	3	5	5	8	5	5	5	1
25	27	29	33	24	26	28	12	23	25	24	23	21	21	21	25	26	26	24	28	26	25	25	1
68	66	57	68	43	86	74	59	46	44	45	46	45	45	44	50	45	42	43	45	69	66	59	1
63	65	64	68	55	72	60	66	60	62	57	55	53	52	50	47	56	56	53	69	67	68	61	1
4	4	7	7	4	2	6	11	4	3	2	2	2	2	2	2	2	4	4	6	7	9	1	1
65	62	68	69	76	74	57	43	69	74	71	68	72	73	71	70	73	73	75	64	58	59	64	1
35	35	35	41	49	30	36	35	47	45	45	45	45	46	44	49	46	48	50	53	38	38	33	1
50	50	56	53	50	44	29	57	51	52	53	52	53	52	53	49	56	50	49	54	45	54	57	1
51	53	62	50	54	59	50	53	48	54	56	57	54	53	47	54	52	53	55	51	59	46	54	1
40	40	36	37	30	33	30	35	34	28	27	27	27	23	25	32	28	28	28	32	24	27	22	1
27	28	27	23	22	41	30	26	21	22	23	26	26	25	25	26	23	22	23	25	19	22	27	1
4	4	7	4	1	0	6	6	1	1	1	1	1	1	1	0	1	1	1	1	3	2	4	1
16	15	12	13	12	12	17	11	12	12	11	11	12	12	12	12	11	13	13	17	13	13	11	1
2	2	1	1	2	1	0	2	1	1	1	1	1	1	1	0	1	2	3	1	0	0	0	1
11	11	8	13	17	7	14	11	17	16	17	17	16	16	18	17	15	16	16	21	5	3	4	1
35	34	29	26	21	37	47	41	14	14	15	17	18	18	17	17	11	19	20	14	25	24	25	1
14	12	11	13	19	13	8	21	17	16	15	14	13	13	14	13	15	18	17	20	12	14	17	1
47	50	49	43	35	40	52	45	41	36	40	39	40	36	41	42	45	37	36	45	47	57	48	1
1	1	1	1	0	1	2	0	0	0	0	0	0	0	0	0	0	0	0	0	2	2	3	1
57	57	57	59	54	63	60	51	52	53	56	58	53	51	53	61	55	55	55	67	63	63	62	1
49	48	35	38	39	55	46	46	39	42	40	39	37	38	42	42	31	39	41	33	34	25	35	1
17	16	20	18	17	18	23	13	17	17	18	17	17	15	19	19	17	17	17	19	27	26	30	1
45	48	43	46	50	40	42	33	48	46	47	49	50	53	50	50	43	54	56	41	42	48	32	1
58	58	64	61	64	82	71	53	70	68	63	63	65	58	66	71	57	66	68	66	82	85	91	1
20	21	18	18	8	22	22	29	12	12	15	15	16	16	16	16	17	11	12	15	22	27	22	1
5	6	2	3	4	13	7	3	6	5	4	4	3	4	2	5	5	4	4	6	9	8	13	1
62	60	63	66	40	64	49	36	64	50	50	49	54	54	52	50	52	44	46	65	52	56	54	1
57	59	47	56	56	51	58	52	48	52	50	51	47	46	47	48	49	58	62	40	37	36	33	1
93	92	92	99	97	99	99	99	99	99	99	99	97	95	93	99	99	96	98	89	98	89	99	1
66	66	59	66	71	50	65	69	58	65	69	73	69	67	71	68	62	69	69	61	47	51	52	1
31	29	27	33	23	29	20	25	28	26	28	27	28	28	26	25	23	24	26	25	23	18	18	1
2	2	4	3	5	1	2	2	2	2	2	2	2	2	2	2	2	4	4	0	5	7	3	1
9	9	3	7	8	6	12	11	7	9	10	11	9	9	8	12	9	9	9	8	5	4	5	1
21	21	17	17	18	21	20	21	14	13	14	14	13	12	13	11	17	16	17	17	29	30	36	1
8	8	5	6	10	10	9	3	6	8	8	7	8	9	8	6	8	10	9	4	8	7	8	1
47	47	44	50	56	54	36	44	55	56	54	54	54	55	52	52	56	58	57	60	27	23	26	1
28	27	29	27	22	36	32	27	31	27	25	25	24	24	24	25	32	24	23	32	31	40	35	1
42	42	34	40	24	29	55	37	30	27	28	28	30	34	29	29	28	23	23	32	23	20	18	1
66	65	71	71	58	67	64	80	64	63	64	62	59	57	57	57	63	59	56	65	54	45	62	1
63	67	60	63	64	64	56	67	62	60	62	67	67	63	68	58	71	64	65	72	62	69	52	1
73	71	73	77	58	88	67	84	59	58	60	61	66	67	63	55	58	59	56	60	88	81	80	1
4	6	3	5	11	5	9	8	10	11	15	15	17	16	17	14	13	11	12	9	3	3	3	1
18	21	14	15	21	13	12	18	23	21	22	23	23	24	22	21	23	19	19	27	20	25	19	1
49	46	70	63	57	54	54	46	62	61	63	61	60	62	58	59	61	57	53	50	94	99	89	1
4	4	6	4	1	2	11	2	1	1	1	1	1	1	0	1	1	1	2	1	5	6	7	1
46	43	47	52	54	40	35	35	49	54	53	53	51	53	52	51	47	57	59	60	25	26	37	1
99	99	99	99	99	99	99	87	94	94	87	85	86	82	86	88	82	99	99	91	99	94	88	1
52	54	60	54	50	49	45	60	50	52	54	51	51	50	54	49	54	49	49	47	57	58	62	1
59	60	63	56	62	69	53	80	61	61	57	59	62	66	60	68	60	61	61	62	54	61	54	1
40	41	43	42	44	35	48	28	44	43	46	47	44	44	45	46	45	42	42	41	47	46	47	1
28	26	29	31	36	24	30	30	32	33	30	28	32	33	31	30	33	37	38	34	25	21	23	1
15	15	13	14	10	14	10	25	10	10	10	10	11	11	10	10	9	11	11	12	9	6	6	1
5	7	14	9	12	5	9	6	9	11	13	13	13	13	13	14	13	13	12	9	8	9	10	1
93	93	82	86	61	99	84	89	77	75	75	74	73	73	73	69	70	66	63	72	83	88	93	1
82	83	91	85	82	83	81	76	88	82	77	76	85	86	84	73	90	82	82	92	99	99	92	1
49	47	68	56	79	35	39	48	58	63	62	64	62	59	61	66	61	77	77	55	76	67	78	1
42	40	37	48	44	40	41	50	47	47	42	42	42	41	42	44	44	44	41	37	45	40	43	1
62	61	61	61	35	55	45	68	47	43	42	39	37	37	37	41	41	36	35	47	71	73	62	1
46	45	48	48	64	36	44	42	61	62	64	64	62	59	63	61	69	65	63	66	49	53	46	1
1	1	3	2	0	1	1	2	2	1	2	3	3	3	2	4	2	0	0	2	4	4	3	1
96	99	95	99	99	93	99	99	99	97	89	88	87	86	90	94	85	95	92	95	92	91	90	1
51	51	63	59	64	59	48	66	60	65	62	62	60	57	62	65	65	67	69	69	65	59	70	1
12	11	13	13	13	10	12	11	17	13	14	13	11	11	13	13	13	13	13	9	13	13	15	1
83	83	90	86	74	82	72	79	72	70	67	67	69	68	77	65	69	75	75	58	88	98	71	1
92	92	84	98	99	86	94	93	99	92	90	88	87	89	88	89	85	96	94	94	87	88	83	1
87	84	80	91	99	77	95	77	97	99	96	97	99	99	99	97	93	99	99	81	61	59	65	1
11	11	10	11	6	11	15	14	8	8	6	5	5	5	5	5	6	6	6	10	6	5	7	1
30	30	27	29	30	27	25	32	27	28	27	25	23	24	23	19	27	30	30	31	18	21	14	1
83	81	84	87	72	96	91	99	75	71	73	75	78	77	75	68	81	71	70	75	97	85	86	1
99	99	89	98	75	91	90	99	94	85	88	93	91	99	95	88	99	76	78	99	72	62	92	1
65	65	83	74	71	73	61	50	78	77	74	74	68	73	70	71	75	72	71	70	85	82	72	1
93	89	92	96	84	99	75	99	82	77	82	81	78	78	74	81	82	80	81	76	99	99	82	1
4	4	7	5	4	4	4	2	2	3	3	3	3	3	3	3	3	4	4	1	9	11	6	1
56	58	63	59	43	52	70	44	52	52	49	49	50	49	53	47	49	45	48	57	62	59	63	1
5	5	3	4	1	4	0	5	1	1	1	1	0	0	0	2	1	1	1	0	1	4	0	1
25	24	26	25	19	26	23	15	19	21	22	24	24	22	23	24	23	20	19	22	21	24	20	1
80	78	88	81	79	81	68	79	89	83	85	84	86	90	90	80	94	75	76	71	86	89	82	1
34	35	29	36	28	29	36	33	35	34	36	36	38	35	37	42	36	30	29	33	36	31	33	1
55	54	78	60	68	70	59	52	58	57	58	57	58	57	58	55	61	67	68	60	77	81	88	1
88	81	92	91	99	84	82	84	89	92	93	93	97	88	96	94	91	97	91	81	98	95	99	1
22	23	19	25	17	24	28	19	18	18	17	17	18	17	17	16	18	19	18	13	30	27	30	1
8	8	8	8	4	8	9	7	5	3	3	3	3	3	3	2	2	4	4	5	7	8	7	1
95	93	98	99	90	99	94	89	99	99	99	98	97	94	99	92	99	93	95	94	91	94	78	1
91	95	89	85	98	99	88	86	81	90	96	94	92	89	87	98	96	97	95	77	70	68	65	1
33	32	53	47	44	28	37	35	48	47	48	50	49	49	51	50	53	44	46	45	61	50	59	1
78	76	76	78	66	68	85	80	73	69	72	72	69	67	70	81	76	66	66	67	82	72	70	1
16	15	24	21	29	19	21	17	22	27	30	29	29	28	29	28	32	29	29	18	27	30	33	1
86	84	82	85	85	71	70	84	94	89	89	86	83	85	86	81	86	89	87	98	84	83	74	1
36	38	34	39	28	35	46	23	26	27	30	31	29	27	30	30	30	28	25	28	38	42	39	1
28	26	28	33	38	36	23	32	33	36	38	38	35	36	36	42	40	38	39	32	34	38	30	1
25	26	33	26	21	27	24	25	23	20	18	17	16	15	15	17	21	21	22	31	32	31	34	1
22	22	28	26	31	32	25	26	29	29	33	34	36	37	36	32	31	31	30	34	31	31	41	1
40	40	45	41	30	42	31	41	31	31	29	29	30	30	30	28	28	28	27	40	51	42	49	1
30	28	23	32	24	26	31	43	22	20	23	23	23	23	25	24	19	25	24	21	30	34	35	1
29	32	37	33	38	24	30	40	40	39	38	39	41	41	40	39	37	37	36	40	33	38	32	1
80	79	85	73	75	74	69	91	64	73	75	75	71	72	71	75	76	71	75	58	93	89	91	1
28	29	30	26	31	41	16	23	23	26	27	27	28	26	29	30	31	29	29	20	45	41	49	1
9	8	7	7	3	7	11	7	4	3	3	3	3	3	3	4	3	3	3	1	6	6	7	1
14	14	17	15	7	10	23	18	11	10	10	10	9	9	7	12	8	8	9	11	24	23	29	1
34	34	36	39	54	33	34	34	47	53	51	50	49	51	49	48	52	54	52	43	39	24	36	1
12	12	15	15	13	13	6	23	15	15	17	16	16	16	16	14	20	15	14	17	12	18	9	1
13	14	11	12	17	9	19	23	15	17	16	16	19	20	21	13	17	17	17	16	5	8	4	1
65	68	67	60	63	60	48	68	60	71	73	71	72	72	71	70	73	64	66	58	60	59	57	1
44	46	52	49	65	54	49	43	60	61	64	62	61	62	60	61	62	65	62	77	35	37	32	1
2	2	3	3	1	3	5	3	1	1	1	1	1	1	1	1	1	1	1	1	1	3	1	1
10	10	10	11	5	4	9	9	6	5	5	5	5	4	5	4	6	5	6	8	5	7	3	1
47	46	53	50	51	33	46	47	44	44	41	42	44	44	46	40	46	51	52	44	59	62	67	1
99	98	85	99	95	99	96	87	99	96	93	90	91	91	88	85	83	94	91	91	83	86	70	1
46	41	41	45	58	34	35	46	56	62	61	63	63	64	63	68	66	60	57	54	49	50	49	1
96	99	82	94	75	99	99	99	74	72	66	67	73	69	78	64	67	78	83	80	84	87	81	1
30	31	31	30	41	34	33	17	29	27	27	27	29	28	32	28	26	35	34	32	47	45	51	1
9	9	8	6	8	7	14	8	9	9	10	10	9	9	7	11	10	9	10	13	15	13	19	1
45	47	44	45	48	48	58	48	45	43	42	43	41	47	47	40	41	47	45	41	57	58	52	1
54	55	42	45	45	62	66	57	49	45	45	44	45	45	47	45	39	43	43	38	32	31	24	1
1	1	1	1	0	0	0	0	0	0	0	0	0	0	0	0	0	0	0	0	0	0	0	1
79	80	68	76	79	87	69	84	87	88	90	88	87	88	85	87	93	85	82	99	70	64	70	1
11	11	13	8	14	12	8	8	12	15	15	15	15	14	15	16	17	14	14	12	17	14	20	1
70	67	69	63	66	60	51	57	71	68	69	71	69	68	69	71	69	67	62	64	97	89	99	1
43	40	49	53	68	32	41	46	64	67	67	65	66	67	65	67	69	63	62	55	41	42	42	1
63	58	66	69	43	39	48	55	41	39	42	43	42	46	44	47	43	42	40	51	60	65	57	1
55	55	69	55	54	27	62	59	48	47	46	47	47	46	49	48	46	51	50	50	62	59	62	1
11	11	22	18	15	14	7	9	13	16	17	16	16	15	15	14	20	15	14	10	14	14	9	1
38	40	25	28	36	43	37	38	38	40	36	35	36	36	39	39	38	34	33	33	20	21	18	1
35	36	36	35	26	22	41	42	28	26	28	29	28	29	28	30	27	26	25	29	27	30	27	1
28	28	38	28	19	34	34	32	20	20	18	18	24	25	24	19	19	21	21	20	33	30	24	1
80	80	66	79	80	76	98	68	78	81	82	82	79	77	78	91	73	80	77	90	64	72	63	1
28	26	32	28	25	22	41	29	28	26	26	26	28	26	30	28	24	25	27	32	35	30	31	1
57	58	58	61	61	47	54	58	61	57	52	53	54	52	58	54	54	57	56	49	67	66	75	1
97	95	91	94	93	84	98	79	99	99	96	96	89	92	90	94	95	93	93	99	81	83	88	1
30	29	26	32	26	35	30	28	34	29	28	27	28	28	28	26	28	27	28	38	20	21	19	1
11	11	14	14	10	6	11	10	12	10	9	9	9	9	8	7	13	11	10	7	19	21	19	1
26	27	32	28	32	25	18	27	29	31	37	36	38	38	37	35	43	32	31	34	45	51	53	1
24	25	13	21	30	17	17	26	28	31	29	28	26	28	26	26	29	28	28	26	15	10	16	1
13	12	23	17	15	12	9	7	17	14	17	17	19	19	19	13	16	14	14	18	34	33	29	1
3	3	4	2	3	8	2	3	2	2	2	2	2	2	2	2	2	2	2	1	8	6	10	1
53	52	45	54	55	58	65	69	58	56	53	54	52	52	54	56	47	56	55	53	54	59	54	1
13	12	13	14	24	13	16	13	14	19	19	19	19	20	18	18	20	23	24	16	27	24	28	1
58	55	56	60	70	35	58	53	68	67	70	70	72	69	69	71	72	69	66	60	39	45	37	1
91	90	92	90	79	77	88	77	78	80	82	84	94	96	97	85	76	83	86	72	99	99	96	1
97	92	96	95	84	74	99	86	81	82	82	82	79	82	80	83	90	85	86	83	89	88	88	1
83	80	70	82	89	54	79	79	91	90	92	91	87	89	86	96	99	89	89	99	75	72	76	1
82	81	89	85	99	84	99	95	99	98	96	98	99	99	99	97	99	99	99	99	56	53	53	1
56	57	52	59	46	53	64	59	44	40	38	37	37	37	40	36	37	44	45	47	61	55	62	1
80	78	96	91	86	68	80	73	82	90	90	87	85	83	84	79	98	89	86	87	99	99	99	1
3	3	1	5	8	5	4	2	6	9	10	11	14	13	13	11	10	8	9	5	2	1	3	1
1	1	1	2	3	4	0	2	2	5	5	5	4	3	4	6	5	3	3	0	2	2	1	1
66	65	63	61	48	78	72	73	65	54	54	54	52	53	52	54	54	48	45	67	65	60	53	1
0	0	0	0	0	0	0	0	0	0	0	0	0	0	0	0	0	0	0	0	0	0	0	1
54	50	61	64	65	43	40	57	70	68	69	67	76	78	75	73	74	66	63	73	61	65	72	1
68	71	75	74	67	70	53	65	76	76	75	74	74	73	74	76	67	73	74	75	50	50	56	1
18	17	13	19	21	14	17	23	22	20	21	20	19	20	20	19	18	19	19	23	12	15	9	1
81	80	83	75	55	71	82	93	67	61	62	60	60	62	59	67	64	57	57	66	85	80	77	1
44	44	35	46	50	55	51	35	44	45	43	43	43	44	44	39	43	52	50	37	38	31	38	1
25	26	21	22	22	32	23	19	21	21	20	20	23	24	22	21	23	22	21	19	29	33	22	1
65	74	53	67	80	64	76	53	76	78	79	79	79	78	78	83	79	81	83	68	49	50	48	1
60	58	69	60	53	57	62	59	57	57	57	56	59	59	59	56	58	55	53	63	72	73	65	1
14	15	20	19	12	20	19	8	15	15	15	15	17	17	18	15	13	13	13	15	37	31	28	1
99	98	96	95	93	99	99	89	87	87	86	87	87	85	87	85	84	91	94	76	99	99	99	1
97	92	97	94	97	91	87	99	93	93	94	97	94	99	94	93	90	96	96	91	86	94	98	1
11	11	13	13	7	9	6	14	8	8	8	8	8	8	9	8	7	8	9	7	10	13	12	1
29	29	34	34	31	23	31	39	32	32	34	36	37	37	36	38	33	31	28	37	38	42	42	1
68	66	80	76	90	64	90	68	83	89	88	87	94	98	93	88	93	93	94	88	93	88	80	1
5	5	5	5	5	0	6	4	6	6	5	4	4	4	4	4	6	5	5	6	4	2	6	1
56	57	60	49	41	49	60	55	36	41	41	41	41	45	42	39	40	40	40	35	55	61	63	1
67	64	57	65	51	60	77	70	71	61	61	62	67	66	72	63	63	51	50	74	43	39	41	1
73	74	75	72	75	63	56	61	71	76	69	68	68	66	69	67	72	75	74	66	72	74	66	1
15	14	25	16	18	14	15	21	17	19	18	20	20	22	19	19	15	19	17	23	30	27	31	1
37	34	50	45	25	37	32	33	36	26	26	25	24	25	24	29	27	24	25	32	39	43	37	1
1	1	1	1	0	2	2	2	1	0	0	0	0	0	0	0	0	0	0	1	3	1	2	1
66	67	58	64	63	69	65	76	69	65	63	62	56	54	53	67	56	67	67	68	49	42	60	1
25	25	18	20	14	22	21	21	16	15	15	13	15	14	15	13	12	14	13	17	19	18	21	1
36	35	37	37	33	36	56	42	43	38	40	40	36	35	38	39	41	32	30	35	39	37	41	1
23	20	37	24	15	21	22	25	20	17	16	16	16	16	16	16	16	15	14	22	41	42	42	1
52	53	70	58	53	57	48	56	54	56	55	54	50	49	53	56	68	51	50	62	67	81	62	1
98	97	91	99	86	99	99	82	93	89	90	89	88	86	84	91	98	87	86	97	88	91	90	1
58	60	62	56	59	45	82	61	55	62	65	65	64	62	57	59	63	60	53	57	66	62	69	1
58	55	66	62	48	57	55	64	47	44	43	42	45	43	44	45	46	46	47	40	57	66	49	1
42	42	49	45	36	43	37	30	39	39	41	41	42	44	40	39	42	36	40	37	45	38	47	1
64	63	64	58	49	45	63	62	52	51	51	51	52	56	49	56	44	49	51	58	55	57	72	1
82	79	88	87	78	96	69	83	81	78	75	75	72	72	72	77	83	81	81	76	99	98	96	1
81	82	75	81	81	75	76	82	80	87	87	90	86	87	89	88	84	81	81	82	83	96	74	1
66	69	60	59	70	71	67	55	57	63	63	62	61	59	61	64	66	69	68	64	66	46	70	1
40	42	56	43	47	43	46	39	40	41	42	43	43	43	42	51	43	44	42	31	51	48	51	1
55	55	79	64	61	58	51	50	61	59	66	65	66	68	71	63	64	57	60	53	79	77	79	1
1	1	3	3	4	0	0	0	4	4	5	5	5	5	5	6	5	5	5	2	4	4	2	1
70	69	87	66	54	85	74	69	65	60	67	70	67	66	66	67	69	53	53	70	71	79	63	1
80	83	72	81	76	59	66	99	86	86	80	81	79	78	80	89	86	80	83	74	62	57	60	1
50	50	46	45	39	39	49	44	39	37	36	34	36	35	34	37	34	40	39	39	48	51	43	1
96	95	94	95	98	98	95	92	99	99	99	98	99	97	98	90	99	99	99	99	81	72	85	1
69	69	90	71	87	65	71	53	85	82	80	80	84	84	81	78	88	91	93	79	95	99	97	1
48	46	45	48	43	36	42	54	43	42	42	41	43	48	44	40	36	42	41	33	45	51	39	1
72	69	59	67	73	85	70	67	69	69	73	72	64	60	64	70	77	71	70	81	61	57	62	1
39	37	32	41	33	39	39	31	33	33	32	35	34	34	37	38	34	33	34	38	29	31	26	1
61	65	57	61	47	65	72	74	51	44	44	42	41	41	42	47	46	47	53	56	63	61	67	1
0	0	0	0	0	0	0	0	0	0	0	0	0	0	0	0	0	0	0	0	0	0	0	1
6	6	18	11	6	5	1	1	8	8	9	9	9	11	9	8	7	6	6	6	19	23	22	1
14	14	19	17	9	24	19	11	10	8	9	8	7	8	7	7	12	9	9	10	12	13	10	1
88	87	86	83	90	70	81	89	87	82	81	84	82	85	86	80	77	91	95	69	87	96	87	1
82	80	72	76	71	75	81	87	74	71	75	76	70	68	72	74	79	71	68	73	81	66	78	1
10	10	8	12	19	8	6	8	15	21	23	23	25	23	26	22	24	19	19	10	9	12	12	1
25	25	37	24	20	24	30	30	20	22	20	19	16	16	16	17	22	21	21	24	58	60	61	1
22	25	24	23	29	16	13	11	26	30	32	33	33	32	32	32	27	30	29	28	20	21	16	1
86	86	90	88	98	87	99	80	89	90	83	86	93	99	87	95	69	94	98	89	89	81	94	1
94	92	99	99	93	80	89	99	97	88	82	84	84	84	83	83	87	98	99	99	72	80	84	1
88	90	60	82	88	99	97	79	78	84	91	90	85	83	84	90	85	88	85	81	88	92	76	1
71	67	73	71	73	66	64	91	71	68	72	72	68	69	67	76	77	71	74	88	84	71	81	1
0	0	1	1	4	0	0	0	2	5	6	6	6	7	6	8	8	4	4	3	0	0	0	1
22	23	28	23	26	29	18	28	25	23	22	19	18	18	19	20	20	25	23	15	22	16	25	1
57	51	56	48	39	46	58	63	49	47	50	51	52	53	52	54	50	44	45	44	52	45	43	1
13	14	20	14	23	16	13	17	20	20	20	18	18	18	17	17	19	23	22	20	14	18	9	1
70	68	59	71	58	86	59	68	67	65	65	65	66	65	63	61	60	57	58	57	47	43	45	1
34	33	34	33	27	48	37	39	27	28	30	29	26	24	24	27	30	27	24	31	27	25	33	1
57	61	61	57	46	76	53	41	45	45	44	44	40	41	40	47	43	46	45	48	60	56	66	1
20	19	16	18	17	15	24	9	17	15	17	17	18	19	19	20	20	17	17	15	15	24	17	1
86	85	93	87	92	90	89	70	78	88	92	95	98	94	95	96	86	89	84	75	95	99	81	1
88	90	83	83	70	99	79	72	78	73	76	76	77	74	75	73	72	72	68	75	99	91	98	1
48	45	49	51	37	44	41	46	39	36	36	36	32	31	32	34	35	38	36	36	63	59	64	1
76	70	84	76	77	67	71	71	73	76	79	75	84	87	84	73	77	77	79	64	85	74	86	1
98	96	94	99	97	82	97	99	80	85	82	80	78	76	79	84	83	96	95	99	96	91	96	1
66	62	57	65	82	59	59	57	80	79	81	82	86	80	88	81	83	84	87	67	58	49	60	1
21	21	21	20	23	10	10	22	21	20	18	18	20	19	21	17	17	22	20	21	23	17	21	1
58	56	64	55	78	53	57	51	67	69	72	71	69	69	68	69	66	78	76	66	63	60	59	1
80	77	72	77	75	77	84	84	68	72	79	78	78	75	79	73	78	73	71	79	53	56	50	1
64	63	64	61	60	75	77	69	58	55	50	49	54	52	55	51	53	60	62	51	50	60	54	1
23	22	28	25	15	12	22	19	17	15	15	15	18	19	17	17	15	16	16	20	20	23	20	1
8	8	6	8	8	7	7	8	8	7	6	6	6	6	6	5	7	8	8	6	5	4	5	1
92	90	88	83	82	89	91	72	86	83	83	83	87	91	91	80	82	82	83	79	76	71	89	1
44	46	52	49	48	51	48	29	41	47	47	47	50	51	53	46	50	47	46	29	54	50	63	1
52	51	44	50	54	48	47	52	51	52	52	54	56	55	57	53	50	55	57	46	34	35	28	1
46	47	46	47	49	42	53	48	56	47	47	48	49	51	47	56	46	49	51	57	41	35	37	1
7	5	7	8	5	9	3	4	4	5	5	5	5	6	6	3	5	6	5	4	9	13	10	1
45	44	44	47	45	40	37	56	48	46	43	42	43	41	41	47	42	43	44	54	31	31	34	1
57	57	73	64	73	49	49	43	75	69	71	72	72	67	75	73	78	69	65	80	77	71	86	1
62	59	60	61	60	56	51	77	59	62	63	63	66	64	67	55	60	63	68	54	62	46	55	1
32	33	31	27	27	26	19	30	31	29	28	28	29	29	30	33	27	26	23	33	32	28	31	1
43	40	42	43	40	44	39	39	39	39	39	39	39	37	40	39	39	39	41	44	40	37	40	1
91	92	91	89	96	80	95	88	95	99	99	98	97	99	92	99	95	97	98	99	99	99	99	1
0	0	0	0	0	0	0	0	0	0	0	0	0	0	0	0	0	0	0	0	0	0	0	1
34	33	30	35	43	27	23	27	46	50	52	51	49	51	46	51	53	49	44	39	21	16	28	1
86	86	78	86	71	85	96	84	84	73	72	71	70	71	70	70	76	72	72	86	80	77	83	1
60	55	61	51	44	43	74	49	44	38	35	33	33	33	33	32	30	44	44	40	72	62	75	1
99	95	98	93	92	98	94	99	84	89	88	87	90	89	89	90	88	89	89	86	95	87	85	1
87	83	83	92	84	77	87	81	81	84	92	92	93	89	88	86	96	80	77	81	90	90	98	1
22	22	30	30	31	19	23	35	34	36	33	33	37	35	40	34	32	32	32	34	48	48	49	1
46	48	57	48	59	30	47	42	52	62	59	58	65	65	65	59	59	60	61	67	51	55	60	1
94	88	88	99	82	81	91	95	92	86	82	81	81	85	80	87	78	79	78	88	99	99	99	1
38	37	40	39	33	42	27	32	29	32	30	33	29	28	28	34	32	32	34	35	34	38	30	1
56	55	76	68	79	42	52	59	84	81	81	81	83	85	81	85	71	78	76	78	81	79	81	1
30	27	36	34	34	20	14	40	31	34	32	32	34	34	34	30	29	34	35	39	30	29	25	1
67	66	78	67	58	71	70	70	65	57	54	55	53	51	55	52	49	53	52	69	88	93	83	1
95	97	70	88	88	96	98	99	94	82	86	88	88	86	88	83	91	90	98	98	66	59	66	1
48	49	50	51	48	50	49	46	48	46	47	46	44	44	46	48	45	47	45	46	43	41	52	1
42	44	47	45	54	45	38	43	56	55	51	51	52	54	49	48	49	54	58	60	51	51	52	1
97	94	95	93	79	83	99	98	90	86	86	87	87	86	86	89	92	83	89	96	99	99	99	1
55	53	52	63	48	52	37	72	54	54	54	54	52	53	53	50	51	49	50	62	60	46	55	1
65	65	59	58	58	65	77	59	53	55	51	50	52	51	53	52	49	59	61	51	59	59	51	1
45	44	41	43	59	59	41	36	47	46	45	44	43	45	44	41	41	56	54	42	43	43	50	1
98	99	95	92	77	99	99	83	81	76	73	74	77	77	79	71	74	76	80	84	99	99	97	1
79	78	83	72	76	96	65	82	73	75	75	78	78	76	78	74	73	77	77	72	71	88	65	1
87	88	89	86	96	99	87	82	97	93	95	98	94	91	97	95	99	92	90	94	85	85	96	1
28	28	25	25	13	35	26	18	15	14	13	13	15	16	15	13	12	13	16	12	30	25	23	1
99	99	93	99	95	99	88	99	92	94	97	99	99	98	99	99	96	97	98	81	79	80	78	1
99	99	95	96	93	88	99	99	99	99	99	99	99	99	99	99	97	92	89	99	80	80	81	1
79	77	93	72	56	70	78	75	69	63	66	69	73	73	70	70	65	56	55	85	87	95	94	1
16	17	20	18	15	25	14	20	12	14	14	13	14	14	14	12	19	15	16	13	16	15	18	1
97	99	81	92	82	98	89	99	99	89	90	88	86	86	82	88	87	83	84	92	62	59	62	1
50	48	55	52	62	52	39	60	67	67	68	70	68	68	67	70	65	62	65	63	62	59	59	1
63	63	65	61	70	66	59	67	65	67	64	61	66	65	68	56	62	70	74	66	78	76	90	1
10	9	10	9	11	13	9	8	10	12	12	13	13	12	13	15	13	11	13	8	9	8	4	1
43	44	40	41	45	36	46	39	29	37	35	35	36	35	35	32	36	40	39	32	40	40	36	1
58	58	63	61	59	70	51	64	59	60	62	65	63	63	60	70	66	56	53	59	63	61	68	1
89	90	94	97	94	94	88	84	87	95	96	96	93	89	93	95	99	99	99	94	88	78	99	1
16	15	16	13	11	9	26	17	14	13	13	13	13	17	14	15	12	10	11	15	8	15	4	1
49	52	45	45	58	52	51	54	53	53	54	52	52	54	50	52	53	56	58	67	40	45	46	1
86	90	98	92	67	76	74	85	82	74	74	75	79	79	76	73	70	64	66	71	93	95	87	1
77	82	79	86	90	86	95	96	99	99	99	98	99	99	98	99	95	99	99	90	95	87	91	1
29	28	35	31	25	21	22	27	31	33	34	34	36	36	32	36	34	25	25	28	31	25	32	1
35	33	40	37	24	29	23	29	31	29	29	29	29	31	29	30	27	24	26	29	36	36	34	1
59	58	77	67	76	59	57	62	77	78	76	74	78	77	77	80	76	79	75	95	84	94	84	1
33	33	38	37	38	45	22	46	34	34	33	33	34	35	37	29	32	37	37	42	37	45	35	1
23	25	24	23	25	26	25	31	20	19	19	19	19	17	20	20	24	26	25	19	29	23	27	1
60	57	55	61	85	56	45	46	76	90	89	88	88	87	93	96	86	86	88	90	71	76	74	1
13	13	12	12	10	15	7	6	11	9	9	9	9	9	10	10	9	10	12	8	7	6	4	1
74	73	84	73	52	72	68	68	70	63	67	70	72	72	73	74	68	58	63	68	87	86	80	1
43	46	55	52	35	65	26	31	43	41	38	37	40	40	41	35	40	36	37	58	42	38	44	1
7	7	3	6	9	13	9	4	6	5	5	5	5	5	6	5	5	9	9	4	3	5	5	1
64	68	57	62	56	56	62	79	55	55	55	53	52	51	49	49	55	57	59	56	62	54	61	1
11	11	5	11	9	12	19	12	8	10	10	11	11	11	10	13	10	9	10	7	6	5	6	1
7	6	4	6	15	4	6	9	10	11	10	11	10	10	10	9	9	12	13	11	4	3	5	1
25	22	25	24	26	26	23	23	23	26	29	28	28	26	28	25	32	25	23	21	32	35	38	1
43	44	43	52	39	56	52	39	51	46	42	43	45	42	46	42	42	40	40	48	51	52	57	1
24	23	20	25	23	25	23	25	24	22	22	22	21	19	20	20	21	24	24	26	9	9	8	1
11	11	17	16	21	12	10	13	15	22	22	22	22	23	19	26	21	22	23	19	17	23	14	1
87	82	86	89	98	97	91	93	99	96	89	88	87	86	79	92	83	96	97	99	76	75	85	1
27	27	28	24	33	26	30	23	34	35	35	35	42	42	42	37	33	35	34	39	27	29	31	1
63	62	62	58	63	49	61	54	54	61	56	56	58	58	61	56	58	66	64	54	49	53	40	1
33	33	32	39	30	22	30	30	39	34	32	33	36	36	38	32	33	31	32	41	22	18	22	1
34	34	29	30	36	37	25	46	35	39	33	34	37	37	38	32	37	37	34	26	24	25	29	1
12	10	13	14	7	21	17	13	9	7	6	6	8	8	8	4	6	6	6	12	18	15	19	1
37	39	51	44	56	39	31	47	49	51	53	53	57	59	56	57	53	51	52	43	68	66	68	1
67	68	97	78	87	84	71	68	86	91	87	90	94	88	94	79	94	86	88	88	99	99	82	1
17	17	23	23	17	17	20	19	22	19	18	18	16	17	16	20	18	17	17	18	22	23	22	1
12	13	12	12	15	9	10	10	15	17	17	17	18	20	19	17	17	15	16	17	16	18	12	1
7	7	9	9	9	5	8	6	10	9	11	11	12	13	12	8	9	8	8	10	10	9	9	1
28	28	26	21	19	33	33	25	22	22	22	21	21	22	21	20	19	19	18	20	22	26	24	1
67	71	61	58	63	62	69	66	64	68	71	73	76	76	77	74	75	66	64	64	65	83	77	1
24	22	22	28	24	21	18	22	33	29	27	26	24	22	23	26	27	25	25	23	16	20	18	1
55	51	49	53	62	59	67	56	53	60	60	60	56	57	59	59	51	62	59	60	50	44	45	1
68	67	75	65	78	65	54	63	67	75	70	69	70	67	68	70	72	78	76	60	80	87	69	1
0	0	2	0	0	0	0	0	0	0	0	0	0	0	0	0	0	0	0	0	2	2	3	1
70	70	81	72	73	75	71	73	69	67	69	68	66	66	69	65	65	74	68	58	69	62	71	1
21	22	26	20	21	34	17	19	20	22	20	20	18	18	18	21	18	23	26	15	22	21	29	1
44	46	43	43	64	53	48	56	60	63	63	61	61	60	57	62	66	64	67	54	46	46	46	1
60	58	60	57	49	56	63	55	62	58	56	55	57	55	54	54	50	51	52	55	63	51	57	1
65	67	66	61	64	73	72	81	58	55	55	56	63	64	61	58	48	61	60	51	71	70	65	1
61	60	71	61	68	55	50	58	73	68	69	67	73	72	76	69	67	65	67	91	86	86	78	1
75	71	73	75	61	71	81	66	67	64	63	62	64	65	64	67	57	64	65	70	55	42	56	1
76	79	74	79	84	82	65	86	80	81	88	86	82	77	83	93	84	86	87	70	50	47	52	1
11	10	8	12	1	4	5	14	7	5	5	5	5	5	5	5	2	2	3	5	4	10	5	1
0	0	0	0	0	0	0	0	0	0	0	0	0	0	0	0	0	0	0	0	0	0	0	1
35	36	32	32	34	36	42	44	35	38	39	40	35	34	33	43	33	38	38	38	32	40	25	1
82	82	95	86	94	90	95	89	95	98	98	97	97	95	99	95	91	98	99	91	79	68	77	1
65	68	59	72	68	89	69	68	72	72	74	75	77	75	77	76	80	69	68	74	68	69	67	1
55	60	61	53	55	53	58	50	50	50	52	51	52	53	51	48	49	54	57	50	57	50	68	1
87	85	97	99	99	78	82	98	84	96	94	92	93	91	93	86	95	99	98	75	86	99	84	1
27	26	32	30	28	46	19	31	28	26	27	27	26	28	26	28	29	27	24	33	28	26	25	1
72	68	67	65	61	99	61	63	58	54	55	55	54	56	54	55	56	60	59	53	46	42	51	1
62	62	44	47	49	59	47	57	51	50	51	49	48	49	46	49	55	48	48	59	29	27	29	1
58	57	51	51	45	51	51	61	47	47	47	44	44	47	44	44	44	43	45	43	42	41	40	1
28	29	28	30	27	27	34	30	29	26	24	26	23	23	22	25	21	26	26	29	23	23	29	1
41	38	35	39	51	41	38	37	47	54	55	55	54	54	57	50	49	53	51	44	30	32	30	1
9	8	8	8	18	7	7	10	9	11	11	11	11	11	10	8	13	14	14	9	6	2	6	1
69	71	80	77	96	73	64	59	87	93	95	95	97	99	99	87	93	92	96	94	78	78	88	1
8	9	8	8	7	8	3	7	10	7	8	7	6	6	6	7	9	7	7	5	14	12	17	1
46	44	34	44	30	53	45	30	40	36	39	40	40	41	39	40	36	30	34	35	39	41	46	1
24	24	30	24	20	22	42	24	21	20	19	19	22	22	21	19	19	20	20	18	23	20	23	1
31	31	29	32	23	29	28	35	25	19	20	19	19	18	19	19	21	22	19	21	33	34	31	1
12	13	17	15	12	20	14	5	11	13	13	14	13	12	12	14	15	12	12	12	10	12	8	1
86	84	86	87	64	80	82	83	74	64	66	65	62	62	61	68	66	63	60	71	97	91	99	1
12	10	15	14	7	20	12	14	9	9	11	11	12	11	15	10	11	7	7	9	15	18	17	1
72	70	79	74	71	80	69	73	78	81	78	75	79	77	74	76	84	75	78	83	97	84	99	1
31	33	33	30	27	34	44	27	23	25	22	22	20	19	19	22	24	28	25	29	27	24	35	1
83	79	83	90	92	90	99	94	98	89	90	87	89	88	90	89	93	93	95	88	83	71	79	1
86	83	87	78	71	82	99	70	82	77	71	71	69	66	68	69	78	72	72	75	65	76	72	1
10	10	8	9	12	5	9	12	10	10	6	6	6	5	6	6	5	12	11	9	12	11	14	1
23	25	30	25	31	24	31	14	25	27	29	28	28	28	27	31	26	31	29	26	36	34	41	1
48	49	54	47	43	53	58	36	47	44	46	46	46	47	44	45	48	45	45	53	56	47	49	1
44	39	48	47	63	47	37	47	49	51	51	52	51	49	51	49	49	64	60	51	63	67	68	1
46	46	50	47	26	45	32	41	36	32	31	31	30	30	30	32	26	26	26	41	56	59	53	1
99	97	79	89	74	90	99	99	81	84	86	86	82	79	89	82	85	76	78	82	82	76	96	1
75	81	83	79	83	89	89	84	79	78	74	74	73	72	74	73	72	86	82	78	74	69	73	1
84	84	84	82	85	90	83	70	77	80	75	76	82	77	81	79	80	87	92	74	87	84	76	1
69	64	86	66	65	53	74	68	63	57	62	63	65	65	65	61	63	61	62	62	99	99	99	1
65	67	62	65	79	78	66	54	64	69	66	66	67	65	68	66	68	79	80	69	57	50	53	1
84	80	80	81	92	81	74	85	80	89	88	86	86	83	80	94	86	89	89	98	77	82	79	1
84	84	75	85	84	82	71	79	92	88	89	88	93	95	96	85	86	86	87	91	80	88	80	1
12	15	13	14	11	14	17	22	19	18	18	19	21	20	20	24	18	12	11	17	8	10	6	1
10	10	13	12	10	10	13	5	10	10	10	11	12	12	12	11	10	9	8	6	16	14	14	1
21	20	17	19	12	29	26	23	13	14	15	15	16	16	14	16	15	13	11	11	9	9	10	1
65	68	71	71	70	65	61	80	61	61	59	61	59	59	61	57	55	67	74	59	77	76	77	1
99	99	95	92	98	99	99	83	97	98	99	97	99	99	99	99	99	99	99	99	99	93	97	1
26	25	23	27	22	27	22	30	25	27	26	27	28	26	28	28	23	23	25	23	33	32	39	1
34	34	22	26	43	30	38	29	35	40	41	42	41	46	41	43	43	43	47	36	15	10	24	1
54	51	53	58	63	37	41	51	73	74	72	74	74	77	70	72	66	65	67	79	53	57	48	1
50	47	56	50	55	49	46	53	55	55	56	56	58	59	58	60	51	55	54	52	30	26	29	1
12	12	15	13	8	12	6	9	7	8	8	8	8	8	9	9	7	8	9	4	7	7	8	1
23	22	17	22	16	20	13	24	20	18	15	15	15	15	14	16	16	16	15	19	21	24	18	1
51	53	42	42	49	61	62	64	50	49	50	51	48	50	46	48	50	49	49	43	22	31	20	1
13	13	11	12	16	8	20	19	16	17	15	15	16	18	15	15	18	14	14	20	5	4	9	1
42	42	42	38	40	45	39	43	41	40	42	42	39	38	39	36	40	39	38	44	40	38	49	1
41	37	36	44	63	46	42	50	64	60	63	62	57	56	60	61	68	61	62	78	44	35	43	1
95	97	95	99	91	99	99	95	99	88	88	91	89	89	92	84	86	93	91	87	87	88	66	1
54	55	52	55	47	54	46	56	50	47	43	42	42	44	43	39	42	49	51	51	51	48	50	1
78	76	74	75	61	84	94	72	62	62	60	61	65	68	63	56	60	62	62	65	83	81	80	1
82	77	66	78	75	66	79	85	81	88	82	80	81	79	86	81	83	79	82	88	99	99	86	1
8	8	13	9	6	6	12	5	6	5	5	4	3	3	3	4	4	6	6	3	8	8	3	1
89	85	90	95	96	95	69	99	99	99	99	99	96	96	94	93	99	97	96	98	87	99	91	1
79	80	98	83	75	81	82	82	88	83	84	84	83	84	81	83	85	76	76	99	99	86	92	1
3	3	2	2	1	0	1	0	2	1	1	1	1	1	1	0	2	1	1	1	2	1	2	1
51	51	54	44	47	48	50	52	53	53	55	55	54	53	54	55	54	46	44	53	44	44	45	1
30	30	34	30	20	29	23	32	21	21	19	18	18	19	18	21	18	20	18	26	41	40	40	1
35	35	33	31	33	25	22	23	27	27	28	28	25	22	27	26	29	32	33	19	24	24	24	1
39	41	46	36	36	41	50	44	32	30	28	28	26	27	27	26	30	35	34	31	53	51	49	1
70	68	66	80	87	72	77	63	88	86	88	90	86	87	85	78	86	88	88	83	65	60	82	1
56	59	46	48	47	56	55	52	41	43	44	42	44	46	46	43	40	44	46	40	30	30	33	1
75	74	84	70	68	70	70	80	78	79	81	81	81	82	84	85	89	68	69	70	78	77	90	1
25	25	19	24	31	30	24	37	30	35	36	38	39	37	38	34	39	30	30	30	14	11	13	1
44	44	60	49	57	46	48	45	63	59	59	61	63	59	64	58	50	60	62	62	72	82	76	1
88	90	71	84	91	93	84	82	93	92	94	96	97	94	97	93	97	91	89	89	60	56	48	1
65	65	71	68	74	64	48	48	64	71	73	72	74	74	78	63	77	74	74	66	50	53	42	1
3	3	4	3	5	4	3	5	6	8	9	9	8	8	8	8	9	6	6	5	7	8	6	1
24	22	20	24	24	19	16	27	22	24	25	25	24	23	24	28	23	23	21	23	31	32	29	1
36	36	47	41	33	32	33	45	34	30	28	25	26	25	25	27	34	32	33	32	58	49	63	1
91	88	88	94	72	88	85	97	93	80	75	75	71	71	74	75	74	71	72	80	80	90	78	1
34	32	37	30	33	36	34	34	32	34	33	33	29	29	31	33	30	33	32	46	38	41	45	1
45	48	62	51	66	51	53	68	63	64	63	60	60	60	62	56	56	63	62	68	78	83	82	1
41	38	38	36	29	45	28	30	34	36	40	40	43	45	41	41	44	30	29	27	44	49	50	1
85	83	68	79	93	93	74	66	85	94	96	93	96	98	99	99	99	92	95	91	70	74	78	1
56	59	61	55	55	58	72	77	49	52	55	53	54	51	58	56	51	54	56	55	63	66	68	1
31	29	31	31	32	23	26	39	35	31	32	34	35	36	35	35	33	32	32	39	54	55	59	1
48	48	42	46	34	48	49	44	37	35	32	32	33	31	34	29	26	35	36	37	58	57	69	1
89	90	96	98	67	66	91	86	72	67	64	65	68	69	67	64	71	66	61	97	93	85	99	1
37	36	40	41	41	41	48	45	45	44	46	45	45	44	44	37	49	43	46	39	63	64	62	1
87	90	88	86	88	74	92	99	86	89	90	87	92	97	95	92	94	90	91	96	94	69	88	1
37	37	32	34	39	44	41	42	40	38	36	35	37	34	36	35	41	41	41	45	22	22	24	1
3	3	2	4	10	1	7	1	7	10	10	10	11	15	11	10	11	9	11	7	2	0	3	1
66	66	66	57	46	60	66	63	54	48	44	43	42	41	42	42	43	47	49	67	49	54	47	1
85	86	84	84	96	80	87	68	99	99	99	96	96	95	95	89	99	99	99	79	84	75	84	1
77	81	68	77	61	72	77	91	71	66	64	65	67	70	64	63	71	59	61	63	64	56	63	1
51	49	47	46	40	50	53	43	36	39	40	43	42	43	40	45	40	38	40	32	49	52	46	1
16	16	12	15	8	18	15	16	9	9	6	6	6	5	5	5	5	7	5	6	9	10	8	1
9	9	21	11	8	13	19	20	10	11	11	11	11	12	14	12	10	8	8	10	25	25	26	1
56	57	45	52	41	65	65	64	43	43	40	38	39	41	43	39	44	42	40	47	50	60	54	1
72	74	77	76	58	82	74	67	77	63	67	67	70	71	68	68	66	61	61	76	85	83	84	1
26	28	29	28	23	32	27	28	27	26	25	26	27	26	28	24	25	24	23	29	50	60	58	1
53	52	53	55	47	57	63	58	55	53	50	52	53	50	54	47	52	47	44	70	43	39	46	1
71	76	71	68	56	76	61	75	68	57	57	55	54	56	57	53	58	56	57	63	59	65	67	1
86	91	92	86	96	97	93	99	97	99	99	97	97	98	99	98	96	95	98	95	99	99	94	1
71	72	81	75	99	81	96	85	94	98	99	97	95	97	99	99	99	99	98	75	73	85	78	1
2	3	2	3	3	3	0	1	3	3	3	3	5	5	5	5	2	3	1	4	0	0	0	1
10	10	6	10	20	12	12	9	16	17	16	17	19	18	18	21	16	19	18	16	7	7	14	1
34	34	30	32	28	33	38	28	32	32	34	34	37	36	36	35	35	29	31	42	24	17	21	1
36	33	40	35	32	43	39	36	37	35	35	34	31	27	32	36	33	33	30	42	31	28	21	1
38	36	27	31	30	29	43	30	29	33	33	33	33	33	33	32	41	30	30	28	30	30	27	1
40	40	39	38	38	44	45	37	46	40	39	40	36	36	38	43	41	37	35	51	33	34	31	1
36	36	35	35	45	29	27	47	41	42	40	39	38	39	35	36	35	47	47	43	28	17	27	1
70	71	78	67	57	81	79	69	56	55	57	58	63	62	65	52	54	56	55	67	54	45	69	1
37	40	47	41	42	36	42	37	41	42	36	36	35	36	35	33	33	42	47	36	45	41	60	1
25	25	25	25	19	19	31	26	20	23	23	23	20	20	20	24	19	20	18	23	26	28	22	1
40	41	33	35	32	33	51	52	36	33	36	34	35	35	34	34	33	33	34	40	31	27	30	1
77	78	93	81	76	73	73	72	94	85	85	85	90	88	92	89	81	83	80	93	97	99	99	1
69	67	72	63	74	66	69	86	73	78	77	80	76	81	75	79	75	74	76	79	69	61	69	1
0	0	0	0	0	0	0	0	0	0	0	0	0	0	0	0	0	0	0	0	0	0	0	1
42	44	28	39	46	43	46	44	46	48	45	43	39	43	38	43	43	45	44	41	33	32	35	1
92	85	93	91	95	98	72	86	90	91	96	96	95	97	98	99	94	94	94	97	99	99	90	1
0	0	0	0	0	0	0	0	0	0	0	0	0	0	0	0	0	0	0	0	0	0	0	1
29	29	34	28	33	34	22	26	28	29	29	30	29	31	30	30	29	29	30	30	25	32	28	1
55	54	57	55	52	47	73	47	52	49	44	44	46	46	45	49	50	52	52	52	73	70	69	1
3	3	3	2	2	2	3	3	2	2	2	2	2	2	2	3	2	2	2	4	7	6	5	1
29	31	26	31	27	29	35	28	29	25	26	27	29	29	27	26	23	26	26	29	28	34	29	1
60	56	58	58	60	58	54	76	58	61	57	57	53	48	55	60	56	57	55	68	67	71	56	1
11	11	12	9	7	16	8	8	9	7	8	7	7	8	7	6	9	6	7	9	23	29	22	1
53	53	50	55	45	58	53	53	55	52	52	53	49	48	49	51	51	46	45	47	36	29	39	1
93	96	93	86	72	82	99	91	73	75	78	80	74	73	75	80	85	70	70	80	99	99	96	1
45	45	57	49	56	43	43	45	49	49	47	48	47	44	49	45	47	54	53	54	70	75	69	1
99	99	99	98	92	91	88	96	84	91	94	92	87	85	88	92	97	85	89	92	94	80	97	1
14	14	14	14	9	12	21	12	11	12	13	13	13	13	15	13	14	9	9	9	14	16	18	1
66	61	79	67	66	47	58	77	65	64	64	67	61	58	60	74	64	65	64	61	57	60	53	1
25	24	24	25	23	16	14	25	26	28	28	28	27	27	28	29	27	25	27	21	16	27	15	1
32	29	40	32	30	32	34	29	36	36	37	36	40	43	39	42	37	29	31	39	59	57	58	1
35	35	32	33	36	38	36	39	38	39	37	38	35	34	35	41	37	37	35	40	27	20	19	1
64	60	69	64	86	42	58	70	87	91	88	89	89	91	88	83	88	85	86	99	76	84	77	1
2	2	2	2	1	5	2	2	1	1	1	1	1	1	1	1	1	1	1	0	3	2	3	1
87	87	71	80	71	88	88	88	75	74	70	72	75	81	78	70	70	67	64	76	51	54	43	1
29	29	33	34	31	36	31	33	36	30	28	28	31	32	29	28	26	29	28	33	37	35	31	1
25	24	29	22	12	38	34	30	13	14	16	16	17	17	17	15	14	12	12	14	25	19	28	1
28	27	26	30	36	30	29	27	29	36	36	36	38	39	38	38	36	36	36	23	19	25	19	1
2	2	3	3	1	5	2	1	2	2	1	1	2	2	2	1	1	1	1	2	2	1	1	1
63	64	67	61	61	67	53	68	67	60	58	57	55	58	54	60	55	61	60	70	63	65	62	1
96	97	85	99	99	99	99	92	99	99	99	97	96	94	98	97	99	99	96	99	95	83	88	1
65	67	67	68	73	45	70	64	65	62	67	66	67	68	71	63	59	69	69	57	61	66	70	1
46	46	39	44	35	43	54	44	36	41	42	43	41	41	42	46	46	37	39	36	44	43	43	1
63	62	52	64	61	75	47	62	58	62	61	58	58	60	57	57	59	62	65	53	52	49	63	1
33	30	39	37	31	30	43	33	32	31	35	34	36	35	34	38	37	30	28	30	33	20	37	1
23	22	24	25	21	30	17	23	24	24	24	25	26	26	25	26	21	24	22	26	33	31	37	1
35	33	34	39	45	34	29	34	46	44	42	42	42	42	41	44	38	47	48	47	42	37	48	1
44	43	47	46	46	42	40	27	43	45	47	46	49	51	50	43	46	46	47	35	34	30	33	1
54	53	50	56	55	37	78	62	64	60	61	60	60	67	61	64	52	54	56	60	51	54	40	1
52	53	55	60	56	48	57	56	57	63	60	59	57	56	55	57	57	56	59	54	78	87	68	1
18	17	12	15	6	17	19	17	9	8	8	8	8	7	7	6	9	8	10	10	9	8	11	1
8	9	8	8	2	3	9	5	2	2	2	2	2	2	2	3	3	2	2	1	10	10	9	1
81	83	77	84	74	93	77	78	72	74	72	73	71	68	72	76	69	77	77	74	73	57	89	1
0	0	0	0	0	0	0	0	0	0	0	0	0	0	0	0	0	0	0	0	0	0	0	1
36	35	38	32	38	30	33	42	34	33	35	37	36	35	36	38	39	38	41	28	41	46	34	1
35	34	49	40	39	27	36	53	40	37	37	37	33	34	35	37	37	37	36	39	41	40	33	1
96	88	95	99	64	84	82	82	72	66	64	62	60	60	58	65	63	69	72	70	74	75	69	1
15	16	21	21	25	14	13	11	22	23	22	22	19	18	20	21	21	25	25	27	23	16	18	1
6	7	6	6	4	7	5	4	6	8	8	7	8	8	8	6	8	4	4	6	10	6	8	1
46	43	53	47	41	45	29	65	43	37	34	35	35	30	34	38	32	40	42	50	56	49	53	1
25	24	21	24	28	26	22	29	24	24	21	21	23	22	22	24	18	25	24	23	20	17	22	1
8	8	10	8	12	22	6	7	9	9	10	10	9	8	7	10	12	9	10	7	15	9	15	1
16	15	16	19	17	18	13	17	16	17	16	16	15	16	15	16	15	15	12	16	9	6	9	1
31	29	25	26	24	31	35	28	26	29	32	31	26	24	24	30	34	28	25	30	18	22	17	1
88	88	92	95	97	91	76	70	99	95	96	95	91	93	95	99	88	94	99	99	99	87	99	1
19	18	20	17	15	14	23	31	16	17	16	15	16	17	16	18	19	16	16	17	17	14	17	1
91	98	98	94	77	87	90	98	72	70	70	69	66	67	66	75	72	76	70	84	96	99	98	1
35	38	33	32	43	40	34	36	43	43	40	39	41	39	41	35	44	43	43	46	33	27	29	1
75	72	72	71	73	60	80	60	72	74	75	81	80	81	81	83	71	75	74	80	56	55	53	1
60	62	70	63	49	63	67	60	52	56	58	58	59	61	60	57	63	53	53	48	68	61	75	1
86	86	97	89	84	84	90	80	89	82	83	84	83	82	81	79	89	79	80	98	98	97	99	1
63	65	56	65	55	81	79	45	63	57	60	60	60	59	54	55	61	57	55	57	58	60	56	1
81	82	76	81	80	87	70	83	74	75	71	69	74	77	71	73	77	75	77	64	73	64	63	1
74	75	71	71	75	80	89	82	66	66	63	60	55	58	56	57	62	73	73	57	77	76	70	1
89	90	90	91	93	91	78	97	99	95	99	99	99	99	96	99	95	94	93	98	88	83	80	1
99	95	99	99	81	91	88	88	84	87	86	87	83	79	81	84	90	81	82	86	96	86	99	1
23	22	27	24	23	24	25	24	18	24	25	26	27	28	25	34	20	22	22	21	34	33	24	1
50	48	64	53	51	48	61	56	68	60	60	59	58	59	62	54	57	54	60	75	73	80	84	1
75	72	64	69	77	72	65	92	65	67	73	73	79	76	83	78	78	73	72	58	58	76	50	1
62	60	68	66	61	59	53	45	60	53	58	55	59	56	59	52	51	58	64	56	80	71	75	1
56	54	41	45	64	58	50	52	68	66	66	66	67	68	70	69	68	61	62	61	48	51	52	1
0	0	0	0	0	0	0	0	0	0	0	0	0	0	0	0	0	0	0	0	0	0	0	1
82	82	72	83	78	90	66	87	85	89	88	88	88	84	87	85	74	81	79	85	93	93	95	1
85	87	99	90	82	92	81	77	99	90	91	92	92	89	92	93	95	83	81	99	99	94	84	1
54	51	66	57	44	44	50	56	49	41	39	38	36	39	32	38	37	44	46	50	50	65	42	1
99	97	93	95	90	99	77	99	99	96	99	99	99	91	95	93	99	93	96	99	87	94	90	1
41	41	43	49	53	39	50	28	49	53	50	48	49	48	46	50	47	57	54	53	47	40	53	1
99	96	89	95	71	99	98	99	87	85	84	81	80	83	80	79	90	73	69	78	99	97	91	1
75	70	72	73	69	72	76	82	68	73	74	71	72	74	76	67	74	69	72	64	91	96	97	1
12	13	13	11	8	12	15	18	9	7	6	6	6	5	6	6	7	8	8	11	19	16	21	1
19	21	26	17	16	21	23	14	17	16	19	19	16	17	15	20	20	15	16	14	27	31	28	1
59	58	74	56	42	53	50	47	48	47	49	48	46	47	47	51	54	44	46	57	66	67	56	1
40	40	58	43	46	48	55	43	41	44	42	42	42	42	43	44	44	48	48	33	53	49	58	1
77	82	92	83	95	78	99	91	86	87	94	95	98	97	98	99	86	94	93	82	77	88	65	1
12	13	9	11	7	22	9	23	9	8	9	9	9	9	10	9	9	8	8	4	16	10	16	1
65	64	68	72	70	60	62	71	71	69	71	70	77	78	75	66	73	70	70	47	50	45	55	1
88	85	81	82	79	90	84	79	85	85	87	86	87	84	88	78	92	80	81	84	77	74	82	1
79	78	90	90	90	60	78	74	77	80	76	77	77	76	76	69	76	90	88	74	76	72	64	1
44	42	54	48	55	43	48	48	60	55	55	55	52	53	52	56	50	56	54	55	70	69	72	1
88	89	65	78	79	89	78	99	81	81	87	89	90	87	89	88	92	79	78	87	72	61	68	1
38	40	44	42	52	46	37	29	46	49	50	51	53	52	51	56	47	53	51	48	29	27	21	1
5	5	6	6	10	1	5	2	8	8	8	8	9	9	11	6	8	9	8	7	7	6	7	1
75	74	72	73	49	95	83	56	55	51	47	47	46	46	46	51	47	49	53	54	64	59	63	1
1	1	2	1	1	0	1	1	2	1	3	3	3	3	3	3	3	1	1	4	0	0	0	1
81	83	98	82	84	84	80	72	90	92	93	91	89	91	88	83	89	87	85	92	99	99	85	1
98	98	86	86	86	90	96	95	82	80	83	82	84	85	88	78	87	83	83	89	71	65	64	1
81	80	90	82	74	75	83	99	76	72	66	67	64	64	58	68	71	70	72	81	97	93	99	1
48	47	46	53	63	51	49	41	61	65	64	69	67	68	66	74	66	66	67	58	40	36	38	1
41	42	39	46	55	49	50	40	47	44	41	41	40	40	38	48	43	53	50	61	28	31	26	1
62	65	48	63	59	52	56	56	59	58	59	58	58	57	55	57	62	59	62	48	63	62	57	1
51	49	48	57	76	54	41	42	66	73	73	75	74	73	78	76	74	70	68	66	47	48	48	1
79	77	73	81	91	75	72	71	77	80	79	78	81	82	76	70	82	86	84	82	68	69	71	1
94	98	85	99	80	99	96	91	97	87	94	93	92	89	94	96	92	80	82	94	79	76	77	1
66	65	76	73	96	60	60	49	77	84	86	87	83	84	83	88	76	95	99	73	53	47	41	1
86	83	81	86	86	75	77	86	87	89	94	96	99	97	96	90	91	94	99	86	67	68	85	1
68	73	64	67	67	67	74	61	63	65	63	60	58	57	57	60	68	69	71	66	91	75	99	1
19	20	27	21	19	13	16	13	17	19	17	18	17	16	16	20	16	19	19	17	33	25	38	1
74	75	69	66	71	76	81	70	66	69	66	66	61	64	62	64	59	76	74	72	64	60	47	1
72	72	76	70	60	80	67	58	72	70	75	78	76	77	76	70	82	58	56	74	87	74	83	1
50	49	65	56	52	39	44	38	55	56	52	53	51	51	51	53	53	50	50	34	54	48	53	1
13	13	19	16	17	22	10	8	20	18	18	19	18	19	15	20	19	18	19	16	17	16	18	1
41	42	38	48	35	49	44	45	28	30	28	27	29	30	28	24	30	36	35	33	43	50	50	1
48	47	49	47	36	48	46	48	31	34	32	34	37	39	38	34	33	37	39	44	40	39	35	1
39	37	46	42	36	40	36	23	40	38	41	42	46	45	45	41	44	37	40	38	36	41	31	1
78	83	76	79	73	99	76	99	68	71	67	67	73	71	69	66	65	71	69	64	82	80	86	1
21	19	29	23	14	17	14	20	22	16	16	15	15	15	13	16	16	14	14	23	28	37	30	1
56	54	52	59	52	56	52	55	54	58	55	55	51	50	52	52	57	54	53	51	57	68	55	1
3	3	3	3	0	6	1	1	2	1	1	1	1	1	1	1	1	0	0	2	5	9	4	1
38	38	51	36	61	33	26	42	47	57	54	54	54	55	53	56	58	58	59	53	47	52	49	1
37	38	44	39	38	49	26	32	42	33	33	34	35	38	38	36	34	37	38	39	37	36	38	1
20	19	14	21	16	25	12	12	17	20	21	21	20	20	20	19	23	17	16	20	22	19	25	1
43	44	37	39	37	42	46	57	41	36	36	36	36	37	36	36	38	38	38	36	38	26	38	1
20	20	15	18	27	10	12	19	26	24	22	22	20	21	17	24	24	25	24	23	12	8	14	1
66	66	55	60	63	56	63	69	64	63	60	60	57	59	57	57	57	63	63	55	58	54	50	1
27	28	32	31	29	24	27	41	32	32	33	33	33	31	33	35	35	30	32	35	29	32	26	1
93	95	81	83	99	80	91	99	89	91	96	94	96	97	95	90	97	99	98	85	68	67	75	1
95	91	96	99	99	79	81	99	99	99	93	90	94	96	91	87	94	99	99	85	99	88	98	1
42	42	35	40	44	43	27	47	44	44	45	46	47	48	49	50	45	42	42	42	38	35	38	1
38	38	28	34	31	43	34	38	32	31	35	34	32	31	33	31	32	31	32	27	25	24	32	1
60	58	59	55	62	45	54	62	60	61	58	58	58	59	57	61	53	64	60	75	54	53	59	1
89	87	89	88	89	73	80	87	87	89	88	89	89	90	91	94	84	89	88	78	99	99	99	1
90	88	99	99	91	66	77	82	95	96	89	91	87	86	92	90	92	95	92	86	99	99	99	1
22	22	16	15	14	29	20	23	20	19	17	17	17	17	18	17	17	15	15	25	13	18	16	1
58	57	53	56	54	64	66	55	53	54	53	54	55	56	56	61	51	55	54	48	59	63	68	1
13	15	16	14	18	14	23	18	17	20	21	21	21	18	20	21	21	21	22	16	17	17	12	1
23	23	19	20	22	31	18	29	22	26	27	29	28	29	28	27	28	24	24	24	21	20	13	1
46	47	50	41	43	37	49	33	45	41	38	38	42	43	41	35	39	46	45	53	46	40	44	1
27	27	24	24	19	29	22	24	21	22	21	21	21	18	21	19	17	20	19	21	19	24	22	1
68	69	70	68	70	68	83	70	77	70	75	75	79	79	74	70	81	68	67	80	63	59	54	1
1	1	1	1	4	1	1	2	3	3	3	3	4	4	4	4	4	3	3	1	2	1	1	1
74	73	67	78	86	78	74	56	97	99	95	95	92	91	89	97	90	89	90	94	52	61	46	1
12	13	6	11	14	19	13	17	13	15	17	17	15	15	15	18	16	14	14	15	7	10	10	1
2	3	5	4	3	3	4	1	4	4	4	4	4	4	4	6	3	3	2	7	11	10	10	1
98	99	91	93	90	84	93	98	99	94	93	91	88	87	89	99	94	89	85	99	71	69	66	1
78	78	96	78	75	88	82	76	86	79	82	82	86	86	86	78	73	76	76	84	99	99	75	1
57	55	58	59	59	47	54	72	53	57	54	53	52	53	49	46	49	62	65	49	38	36	42	1
17	15	21	18	12	16	20	16	14	15	15	15	19	19	21	15	15	13	14	13	23	22	23	1
52	51	49	52	68	58	48	55	59	62	62	59	57	57	58	54	75	67	67	61	53	46	53	1
75	76	80	72	68	74	76	62	61	68	69	70	70	74	70	74	70	67	64	60	93	95	84	1
90	97	77	88	87	99	81	93	82	78	75	75	80	83	83	74	83	88	88	87	88	88	85	1
5	5	6	7	7	3	3	3	4	5	5	4	4	4	4	4	7	7	6	3	7	10	5	1
84	82	89	77	72	80	80	99	71	78	76	79	73	69	71	76	73	76	77	69	88	99	77	1
35	32	47	31	26	35	43	33	29	32	33	33	34	36	36	30	37	28	27	22	36	33	33	1
17	17	18	17	29	16	12	10	24	21	19	20	23	22	23	23	20	28	27	23	18	15	16	1
39	39	43	45	53	44	35	38	53	53	55	54	51	50	52	52	55	54	55	53	38	43	33	1
84	81	91	85	99	99	87	86	85	92	96	94	99	97	99	91	99	96	96	71	99	99	99	1
21	20	26	22	33	20	31	27	28	30	27	26	25	24	23	30	29	31	32	31	34	43	36	1
18	18	21	17	18	29	14	17	23	19	18	17	17	17	17	16	17	19	19	24	19	20	21	1
12	12	13	12	4	9	7	7	8	6	6	6	7	6	7	8	6	5	6	6	12	11	16	1
64	64	54	61	58	47	55	52	59	63	66	67	65	63	61	66	63	58	65	57	46	41	48	1
93	95	94	87	71	87	99	99	92	83	87	87	90	89	90	95	86	69	68	99	70	69	77	1
9	11	9	8	4	15	13	8	4	5	8	8	8	8	8	8	9	4	4	5	6	10	5	1
38	37	44	39	22	54	40	29	26	23	26	26	28	30	27	26	25	22	21	27	36	28	31	1
49	48	44	45	40	35	46	38	41	40	39	39	40	41	40	38	42	40	41	49	41	44	36	1
21	21	20	27	30	20	19	16	28	27	26	25	24	25	23	26	28	27	26	20	23	27	23	1
80	89	87	78	55	94	87	95	64	59	55	52	49	50	49	52	58	52	50	59	70	76	70	1
26	23	23	25	24	25	26	17	24	25	25	25	24	24	23	26	25	23	23	22	35	31	38	1
10	11	16	15	17	9	7	5	14	18	18	17	17	17	18	16	19	16	15	17	10	13	5	1
19	18	17	20	18	19	25	21	20	17	17	19	17	16	17	18	16	19	20	25	22	21	24	1
33	36	45	38	19	50	34	38	29	27	29	30	30	28	30	30	31	19	18	41	51	49	48	1
51	48	59	49	46	45	47	28	42	47	49	48	44	45	43	47	49	45	44	37	50	48	52	1
84	85	86	90	77	78	80	88	71	74	82	79	78	74	78	83	76	75	77	80	98	98	89	1
8	8	7	5	2	13	6	9	3	3	3	3	3	2	2	2	3	2	2	2	4	5	4	1
28	27	31	24	28	33	30	22	26	24	23	24	22	23	23	24	23	31	33	30	38	45	45	1
82	77	68	80	96	85	72	75	99	92	97	94	99	96	99	96	95	93	94	99	49	48	47	1
62	61	54	53	48	61	70	53	50	53	49	48	47	45	44	49	48	47	46	43	59	58	46	1
33	33	32	30	32	28	33	24	26	31	31	32	35	36	34	34	37	32	29	31	41	36	51	1
4	3	4	4	0	2	5	2	0	0	0	0	0	0	0	0	0	0	0	0	4	2	5	1
41	41	51	47	51	47	32	37	50	48	46	45	47	46	47	46	45	48	48	56	31	29	30	1
87	85	90	92	93	75	84	98	97	98	99	99	99	95	99	99	97	97	98	99	99	99	88	1
70	71	72	72	75	68	96	68	70	68	72	69	69	67	67	61	82	74	75	78	65	68	67	1
51	46	69	58	40	37	50	53	41	43	44	44	40	39	42	39	46	41	42	39	85	91	86	1
16	16	10	14	10	16	14	13	17	14	16	17	16	18	14	19	16	10	9	17	11	11	10	1
37	38	38	40	56	27	47	28	54	56	57	59	59	56	59	63	56	53	52	47	28	25	23	1
28	27	16	26	24	27	42	32	21	21	19	20	21	23	23	21	14	24	25	24	21	24	18	1
63	63	65	68	79	65	62	66	72	75	77	78	78	83	76	77	79	74	77	67	72	77	65	1
89	84	86	85	83	93	82	99	88	83	78	77	76	76	79	81	74	83	88	82	99	99	98	1
7	8	8	7	6	7	7	3	4	3	3	3	2	2	2	3	2	6	6	3	17	20	13	1
68	69	79	85	82	64	89	78	80	87	85	86	86	83	83	77	82	84	84	88	72	81	67	1
57	55	61	65	54	52	51	57	61	56	57	55	52	50	52	51	51	59	58	61	62	62	64	1
81	85	75	76	64	95	81	89	65	62	56	58	57	56	55	59	59	62	61	68	90	91	81	1
99	99	93	99	94	70	99	96	99	99	92	90	88	92	92	92	95	90	92	99	83	99	73	1
29	29	22	27	25	31	21	26	27	28	28	28	27	26	27	27	30	24	25	23	15	17	11	1
58	56	54	59	62	61	48	44	75	70	67	69	73	75	73	82	62	61	61	76	77	87	68	1
35	33	36	33	31	25	32	33	29	26	26	24	25	26	26	26	28	28	30	30	45	48	38	1
83	80	70	78	72	80	76	88	78	75	78	80	85	92	89	79	77	71	74	73	61	63	51	1
68	70	85	70	69	92	65	65	79	66	66	67	70	71	68	63	64	69	66	80	81	72	81	1
16	16	13	16	14	14	15	24	17	13	18	18	18	19	18	19	16	13	14	14	13	12	12	1
10	9	8	9	14	5	13	12	9	13	12	12	12	13	13	14	14	12	13	3	6	7	6	1
69	66	75	64	71	74	68	63	60	68	69	65	66	68	64	65	69	71	73	50	55	57	60	1
34	32	27	35	34	41	28	27	31	35	37	37	39	41	37	36	34	35	37	31	13	14	14	1
94	93	98	99	83	79	99	91	87	88	85	83	75	74	69	81	85	85	84	90	99	93	99	1
69	67	75	71	81	70	59	74	75	81	80	79	75	76	74	71	75	80	79	76	77	81	78	1
37	39	33	39	30	29	41	36	27	30	29	29	28	28	23	29	27	31	31	33	31	28	27	1
43	44	45	44	45	30	49	37	46	46	48	48	50	51	50	47	44	47	47	55	43	50	52	1
72	73	71	79	91	64	76	72	81	88	90	87	85	84	81	80	92	91	91	74	64	57	68	1
89	88	89	92	92	99	94	81	85	86	83	81	83	85	82	79	81	94	89	99	91	90	79	1
33	34	36	37	35	27	36	43	35	38	39	37	34	38	36	40	37	35	35	32	27	24	28	1
17	17	17	17	12	20	18	17	15	12	12	13	12	12	11	15	11	12	14	15	20	26	20	1
52	53	55	56	50	72	55	66	47	51	51	51	50	48	49	59	53	53	52	49	48	52	51	1
27	26	40	33	33	29	13	31	32	37	35	32	30	32	34	34	38	33	33	35	57	57	48	1
52	54	44	55	48	37	56	49	50	48	45	45	44	43	42	44	40	49	48	51	43	38	44	1
66	67	61	55	52	74	64	63	60	66	66	67	64	62	65	70	67	54	55	58	62	51	62	1
54	51	50	60	70	46	49	58	66	67	65	68	69	72	71	75	63	67	69	60	35	27	42	1
46	49	38	44	46	30	47	42	45	45	47	47	48	51	49	40	48	45	47	45	30	33	26	1
42	43	56	49	44	29	51	52	39	44	46	48	49	50	52	42	40	44	46	50	44	48	48	1
15	14	20	16	24	16	10	18	22	26	30	28	32	33	30	30	30	23	23	17	17	13	12	1
40	40	46	44	32	50	28	40	28	31	30	29	27	27	29	28	29	33	32	33	39	48	48	1
17	16	23	17	8	20	23	14	12	9	9	9	8	9	8	8	9	9	9	12	18	16	17	1
39	37	37	38	26	44	45	26	29	32	36	35	34	32	37	33	35	27	28	30	37	38	49	1
14	14	17	20	11	19	17	22	15	11	11	11	11	11	11	11	11	12	12	18	18	19	20	1
66	68	70	78	74	58	73	62	82	79	78	78	76	78	75	71	80	78	74	75	75	77	80	1
31	31	40	34	21	29	35	25	21	20	22	23	23	24	20	20	18	21	21	17	44	39	44	1
45	48	37	40	32	54	62	36	39	39	42	42	43	42	48	42	42	30	30	45	31	25	37	1
9	9	12	11	9	11	9	11	10	11	10	9	9	8	10	9	9	10	9	14	17	17	22	1
97	99	90	86	93	89	94	99	84	83	85	87	88	86	88	83	77	90	89	70	89	89	99	1
88	86	96	82	71	75	69	77	62	62	58	57	57	51	57	61	61	72	72	67	99	99	94	1
57	55	63	53	52	70	45	50	52	53	50	50	50	50	51	50	51	55	56	39	65	68	66	1
82	82	83	82	83	90	99	76	87	90	91	92	92	95	94	94	83	84	82	90	92	95	87	1
38	41	44	41	61	38	52	53	53	54	54	54	51	48	49	49	53	59	63	55	40	44	38	1
56	56	70	52	45	51	43	46	41	43	43	43	47	46	48	46	42	45	47	34	72	83	68	1
77	74	78	80	72	72	67	86	87	76	73	74	77	78	73	79	77	71	69	87	79	81	73	1
78	81	69	67	65	94	92	98	66	69	67	65	60	60	60	63	64	66	65	55	58	48	50	1
38	37	41	34	23	40	29	42	30	32	35	35	36	38	36	35	37	24	21	24	38	37	39	1
41	43	36	39	29	29	32	54	33	29	26	26	21	20	25	23	22	27	31	39	37	41	36	1
34	34	39	33	41	33	36	35	40	35	33	33	34	32	34	35	27	38	35	33	55	53	46	1
35	34	44	36	38	44	32	29	36	33	34	34	36	34	34	34	35	38	40	36	38	45	31	1
35	37	37	30	44	25	57	50	45	44	40	38	40	39	44	36	41	44	43	38	31	29	27	1
7	6	9	10	9	4	9	8	9	10	11	11	12	12	12	12	11	10	10	10	14	8	15	1
34	32	40	33	34	32	40	28	37	35	34	34	33	33	34	31	31	31	33	39	43	43	38	1
77	79	88	85	85	77	85	74	80	83	76	75	74	71	77	72	74	85	86	72	99	91	99	1
36	38	27	38	39	50	31	36	39	40	42	44	45	45	44	44	47	41	44	30	28	21	36	1
63	64	59	65	53	60	45	70	56	52	52	50	50	50	47	51	64	54	55	58	43	39	54	1
92	93	98	98	90	99	80	97	92	87	88	86	86	84	86	86	81	88	89	97	87	77	94	1
58	58	56	64	57	50	67	46	58	53	49	50	49	50	49	49	48	57	52	68	43	40	41	1
35	30	35	36	34	27	54	39	36	32	32	32	30	27	30	28	29	36	35	38	34	41	29	1
34	38	30	36	30	37	34	45	37	38	37	36	39	38	39	40	33	33	34	37	25	27	20	1
69	74	69	65	89	73	50	72	81	88	91	93	90	92	89	93	94	94	90	68	97	94	98	1
29	29	23	29	34	41	21	20	25	27	25	25	25	24	22	25	27	34	35	29	25	24	20	1
34	28	44	38	33	22	23	22	32	33	33	32	29	28	27	30	31	31	31	36	43	44	49	1
36	38	46	37	32	38	26	39	31	31	33	33	34	35	34	36	36	32	32	35	47	49	53	1
39	37	31	34	40	40	34	53	28	33	35	34	33	34	34	33	34	38	36	25	30	39	33	1
40	40	38	36	31	48	35	34	35	39	36	35	37	36	39	32	33	33	37	32	36	38	27	1
79	84	61	67	54	88	73	71	58	53	47	47	51	51	50	44	49	57	59	48	76	62	88	1
37	42	51	40	37	33	35	32	40	44	43	42	44	43	37	48	43	40	40	42	34	24	27	1
86	90	88	82	87	86	91	99	76	77	82	81	83	87	82	88	78	85	85	72	91	97	87	1
93	93	94	96	99	98	99	80	99	99	96	99	99	96	98	94	90	99	94	99	93	99	88	1
13	12	16	15	21	9	14	13	19	19	21	21	22	21	20	22	20	21	21	22	10	12	6	1
24	24	23	20	26	36	34	24	19	23	25	26	24	22	22	28	26	27	27	17	15	17	14	1
4	4	5	6	3	2	5	14	5	5	4	4	4	4	4	4	3	3	2	8	4	2	9	1
72	75	74	69	88	76	64	65	72	77	78	77	64	67	65	80	84	89	95	74	81	85	75	1
74	72	75	66	72	70	99	63	77	71	68	66	69	65	70	73	66	70	75	83	86	96	84	1
29	29	25	26	23	37	34	15	27	27	25	26	26	26	25	25	26	23	24	24	22	26	29	1
45	44	53	50	61	36	34	35	64	73	73	73	75	79	75	73	79	65	62	69	51	52	62	1
31	28	29	34	40	26	40	26	38	41	39	37	40	40	39	43	40	37	35	41	33	26	28	1
53	51	69	65	79	47	42	72	71	74	79	80	85	90	80	85	75	78	77	79	70	82	60	1
57	55	56	56	56	54	61	74	50	54	51	51	54	53	56	43	49	55	53	45	60	54	55	1
42	39	42	43	41	34	45	54	49	52	46	45	44	43	46	42	43	46	45	50	52	54	50	1
42	45	31	37	35	47	36	33	33	31	30	31	32	32	30	31	29	36	35	30	34	35	28	1
89	86	76	83	88	96	76	95	87	91	86	86	88	94	86	90	80	91	91	84	88	97	88	1
6	6	8	7	3	7	6	7	5	4	5	5	4	2	5	4	6	4	4	3	10	12	9	1
11	12	9	9	8	13	10	8	9	8	9	10	10	9	10	7	11	9	9	13	6	7	8	1
13	13	13	13	9	13	10	15	10	7	5	5	6	7	6	4	4	9	10	12	20	16	18	1
73	70	71	82	80	59	79	60	79	80	86	88	82	82	81	86	80	81	78	77	63	54	69	1
33	34	35	35	43	53	28	34	43	42	45	46	46	43	50	44	42	41	39	39	43	44	45	1
31	30	34	29	36	30	37	34	33	38	38	37	35	34	34	36	41	35	36	47	27	31	35	1
94	93	86	84	69	84	78	96	70	72	70	69	68	68	69	66	66	72	73	75	80	91	65	1
40	38	34	37	41	38	38	33	40	38	36	35	34	34	33	34	31	37	36	42	30	34	28	1
72	74	86	86	96	78	79	73	99	99	99	99	98	99	96	99	99	99	95	82	82	83	79	1
26	27	23	25	14	30	35	24	17	18	19	19	20	20	19	19	17	16	17	22	21	21	16	1
23	20	27	24	23	19	20	14	29	25	25	25	26	25	25	26	26	24	24	36	17	24	13	1
7	7	10	10	15	7	10	5	16	15	15	14	15	15	15	13	15	15	16	11	4	1	3	1
96	98	89	93	62	79	80	99	81	70	72	72	68	65	65	78	70	64	65	77	99	89	99	1
54	54	59	53	52	54	51	54	55	54	58	57	54	55	53	53	55	54	49	47	52	45	48	1
4	4	6	4	3	3	2	4	3	3	3	3	4	3	3	3	3	3	3	6	9	5	8	1
42	44	34	44	39	35	40	52	42	41	38	38	41	41	36	35	33	39	40	47	30	32	35	1
19	19	20	21	19	17	21	18	16	17	18	17	15	15	14	16	18	18	18	14	23	17	20	1
73	74	73	80	82	68	81	70	83	82	80	79	80	82	81	77	77	85	81	92	62	65	54	1
89	91	94	95	84	86	99	67	78	83	81	83	89	92	86	85	78	87	87	67	99	96	99	1
48	48	53	46	40	43	53	43	44	43	42	45	46	44	45	44	39	42	42	40	43	41	42	1
21	20	16	20	24	10	15	18	24	24	27	29	27	27	26	32	28	25	23	25	24	21	31	1
42	41	46	43	43	41	53	43	46	44	49	49	52	50	52	44	49	43	43	44	53	59	54	1
93	91	89	93	97	69	94	99	99	99	99	97	95	92	97	94	99	97	98	99	86	95	86	1
33	35	34	34	44	27	41	28	42	43	46	46	44	42	44	48	39	43	45	46	50	37	50	1
60	63	62	57	46	70	60	69	50	47	46	47	48	47	50	46	46	49	48	46	54	54	61	1
17	17	25	17	20	19	15	12	18	17	17	18	16	16	16	18	16	19	20	18	22	28	20	1
52	48	49	53	42	56	56	47	43	41	39	38	40	40	42	36	41	41	40	41	55	62	69	1
20	21	26	23	29	31	28	18	20	22	23	22	21	22	23	19	19	29	28	16	21	24	27	1
87	86	87	87	98	73	97	93	97	99	99	96	99	99	94	99	99	97	98	95	99	95	95	1
16	16	9	17	16	15	16	15	19	18	17	16	17	18	16	17	17	16	15	16	6	7	5	1
63	64	72	62	68	69	55	48	64	64	63	63	66	67	62	62	59	67	67	73	73	68	67	1
66	65	69	63	73	67	75	68	73	73	77	81	77	77	78	79	78	71	75	84	71	73	85	1
73	74	53	69	71	80	68	75	63	63	66	66	64	62	60	60	69	70	71	72	59	53	61	1
1	1	5	1	1	2	1	2	1	1	1	1	1	1	1	1	0	1	1	2	1	0	2	1
21	22	23	18	20	26	22	24	18	19	18	18	18	17	17	16	15	20	22	12	22	21	17	1
24	24	20	24	25	26	23	20	27	27	25	26	26	29	26	31	26	24	21	28	13	11	17	1
52	52	58	54	45	56	47	54	46	48	49	54	52	50	53	55	48	47	47	43	59	60	69	1
57	53	60	60	61	46	48	61	57	58	59	59	63	61	62	56	62	58	58	56	45	47	39	1
53	53	57	60	54	62	56	63	58	55	57	60	60	62	58	63	57	55	52	52	52	48	52	1
58	62	66	67	58	60	62	56	67	62	63	62	60	58	56	66	56	61	63	65	69	73	70	1
16	15	19	18	14	19	13	13	13	14	15	15	16	17	15	13	13	15	16	16	19	27	23	1
42	41	52	50	45	41	50	47	42	43	42	42	44	44	43	39	45	43	43	38	51	48	49	1
99	99	98	99	98	99	94	99	98	95	97	99	98	93	97	96	99	95	92	85	99	99	98	1
86	94	78	88	77	99	99	78	81	79	80	82	86	87	89	79	79	77	74	74	96	88	96	1
62	57	58	52	60	40	47	49	56	59	59	59	56	56	55	55	62	60	59	56	53	65	50	1
2	2	2	2	0	0	2	3	0	0	0	0	0	0	0	0	0	0	0	0	2	2	4	1
66	66	64	69	67	59	70	48	70	71	70	68	62	57	61	68	74	69	67	72	81	82	90	1
48	50	52	56	66	44	36	47	68	69	68	69	72	77	76	69	58	69	68	71	42	40	55	1
79	78	79	83	87	95	76	99	94	82	86	86	81	83	84	80	82	86	87	94	79	81	78	1
21	23	28	20	18	18	37	23	18	17	17	16	16	19	19	12	21	20	21	17	19	19	17	1
49	46	51	46	41	55	43	50	44	32	28	28	29	32	29	29	29	37	36	55	52	48	63	1
92	95	95	97	96	99	74	85	99	99	99	99	97	98	99	99	96	94	93	99	89	84	82	1
99	95	95	99	95	99	84	82	99	98	91	88	89	92	91	89	86	97	99	96	96	94	89	1
47	46	49	45	43	27	32	62	42	40	37	36	34	33	33	35	35	42	41	47	46	41	46	1
71	76	90	74	81	69	60	67	82	82	82	79	76	80	72	76	87	81	75	87	99	93	99	1
74	75	81	73	67	91	89	73	69	63	52	51	50	55	50	51	51	62	65	68	70	77	71	1
39	44	38	37	44	61	48	43	41	48	49	51	51	50	53	50	52	44	46	41	54	59	47	1
67	67	74	73	84	65	53	42	75	81	81	77	78	78	71	75	78	85	89	78	86	81	86	1
59	60	70	66	74	68	72	53	73	75	74	73	76	79	77	78	80	72	72	68	67	54	63	1
50	46	49	53	63	33	40	54	62	62	60	58	59	63	65	58	57	65	65	47	33	33	35	1
15	16	11	16	18	19	21	10	12	14	14	15	14	14	16	15	12	16	16	18	11	10	17	1
61	63	72	60	54	56	54	68	55	57	56	55	51	50	55	60	56	52	55	72	51	49	60	1
85	87	85	84	99	84	99	91	99	97	99	99	99	98	97	92	95	97	98	99	95	99	99	1
5	5	4	5	5	5	3	7	5	5	5	4	4	4	4	3	4	5	5	4	3	2	3	1
50	47	51	51	50	42	35	58	39	46	46	47	46	45	45	48	42	51	53	48	52	48	50	1
51	52	48	52	64	47	46	41	57	57	59	58	63	65	63	51	61	58	56	55	44	44	47	1
22	22	30	21	35	20	21	23	29	31	35	36	34	35	38	35	38	33	33	20	39	37	40	1
32	30	32	38	36	38	25	33	33	35	34	33	32	34	33	35	34	36	36	30	35	29	32	1
21	25	21	16	33	14	25	11	22	26	26	27	31	32	32	25	25	30	30	19	17	17	21	1
63	63	64	55	52	66	59	68	51	51	55	55	55	59	55	43	62	49	49	44	78	74	85	1
4	4	7	4	3	1	2	9	3	3	3	3	3	3	2	1	4	3	3	4	15	18	13	1
30	30	19	27	29	38	27	34	31	32	32	33	32	31	34	33	30	30	27	33	27	24	30	1
42	40	39	46	43	38	30	61	44	49	47	46	47	49	46	40	47	42	39	52	57	54	64	1
76	73	75	75	79	79	76	85	78	85	86	86	82	84	86	82	89	83	88	81	83	89	94	1
88	93	84	90	93	91	91	99	88	92	94	97	96	99	97	84	96	89	87	96	56	67	61	1
30	28	33	29	22	24	30	36	18	18	19	20	21	22	20	18	19	19	18	19	30	26	27	1
20	20	18	17	12	17	12	19	14	10	9	9	9	9	9	8	8	11	12	14	18	19	21	1
90	90	91	96	97	96	90	77	81	84	83	83	83	79	84	84	83	96	98	80	84	76	77	1
3	4	4	4	8	3	2	3	7	8	8	8	6	6	6	8	10	8	8	10	6	6	6	1
67	67	61	58	53	86	72	49	53	58	56	58	56	54	55	57	57	54	58	59	56	60	50	1
41	42	33	39	44	33	33	41	47	47	43	42	42	43	40	40	45	47	49	45	28	20	30	1
57	59	51	55	48	42	61	61	52	51	54	53	49	49	48	50	62	47	44	51	43	46	45	1
54	51	56	55	72	52	46	53	63	61	58	58	64	70	65	59	60	68	68	56	38	62	37	1
