maxcnt:90
cntdiff -1 0 1
0 0.00 0.95 0.05
1 0.05 0.9 0.05
2 0.05 0.9 0.05
3 0.05 0.9 0.05
4 0.05 0.9 0.05
5 0.05 0.9 0.05
6 0.05 0.9 0.05
7 0.05 0.9 0.05
8 0.05 0.9 0.05
9 0.05 0.9 0.05
10 0.05 0.9 0.05
11 0.05 0.9 0.05
12 0.05 0.9 0.05
13 0.05 0.9 0.05
14 0.05 0.9 0.05
15 0.05 0.9 0.05
16 0.05 0.9 0.05
17 0.05 0.9 0.05
18 0.05 0.9 0.05
19 0.05 0.9 0.05
20 0.05 0.9 0.05
21 0.05 0.9 0.05
22 0.05 0.9 0.05
23 0.05 0.9 0.05
24 0.05 0.9 0.05
25 0.05 0.9 0.05
26 0.05 0.9 0.05
27 0.05 0.9 0.05
28 0.05 0.9 0.05
29 0.05 0.9 0.05
30 0.05 0.9 0.05
31 0.05 0.9 0.05
32 0.05 0.9 0.05
33 0.05 0.9 0.05
34 0.05 0.9 0.05
35 0.05 0.9 0.05
36 0.05 0.9 0.05
37 0.05 0.9 0.05
38 0.05 0.9 0.05
39 0.05 0.9 0.05
40 0.05 0.9 0.05
41 0.05 0.9 0.05
42 0.05 0.9 0.05
43 0.05 0.9 0.05
44 0.05 0.9 0.05
45 0.05 0.9 0.05
46 0.05 0.9 0.05
47 0.05 0.9 0.05
48 0.05 0.9 0.05
49 0.05 0.9 0.05
50 0.05 0.9 0.05
51 0.05 0.9 0.05
52 0.05 0.9 0.05
53 0.05 0.9 0.05
54 0.05 0.9 0.05
55 0.05 0.9 0.05
56 0.05 0.9 0.05
57 0.05 0.9 0.05
58 0.05 0.9 0.05
59 0.05 0.9 0.05
60 0.05 0.9 0.05
61 0.05 0.9 0.05
62 0.05 0.9 0.05
63 0.05 0.9 0.05
64 0.05 0.9 0.05
65 0.05 0.9 0.05
66 0.05 0.9 0.05
67 0.05 0.9 0.05
68 0.05 0.9 0.05
69 0.05 0.9 0.05
70 0.05 0.9 0.05
71 0.05 0.9 0.05
72 0.05 0.9 0.05
73 0.05 0.9 0.05
74 0.05 0.9 0.05
75 0.05 0.9 0.05
76 0.05 0.9 0.05
77 0.05 0.9 0.05
78 0.05 0.9 0.05
79 0.05 0.9 0.05
80 0.05 0.9 0.05
81 0.05 0.9 0.05
82 0.05 0.9 0.05
83 0.05 0.9 0.05
84 0.05 0.9 0.05
85 0.05 0.9 0.05
86 0.05 0.9 0.05
87 0.05 0.9 0.05
88 0.05 0.9 0.05
89 0.05 0.9 0.05
90 0.05 0.9 0.05